1177
0   0.80555045   0.00000000   1.43146054
1   0.81641460   0.00000000   1.39956788
2   0.78768847  -0.21922248   1.39956788
3   0.77720337  -0.21630438   1.43146054
4   0.80723577   0.00000000   1.45059380
5   0.77883037  -0.21675749   1.45059380
6   0.81823404   0.00000000   1.45697349
7   0.78944959  -0.21971175   1.45697349
8   0.83531460   0.00000000   1.45059380
9   0.80592367  -0.22429708   1.45059380
10   0.85522345   0.00000000   1.43146054
11   0.82513274  -0.22964343   1.43146054
12   0.87472993   0.00000000   1.39956788
13   0.84395110  -0.23488131   1.39956788
14   0.70635025  -0.41485933   1.39956788
15   0.69694982  -0.40933745   1.43146054
16   0.69840770  -0.41019527   1.45059380
17   0.70792476  -0.41578538   1.45697349
18   0.72270187  -0.42446270   1.45059380
19   0.73992821  -0.43458041   1.43146054
20   0.75680467  -0.44449226   1.39956788
21   0.57965437  -0.57965437   1.39956788
22   0.57193925  -0.57193925   1.43146054
23   0.57313704  -0.57313704   1.45059380
24   0.58094838  -0.58094838   1.45697349
25   0.59307272  -0.59307272   1.45059380
26   0.60720836  -0.60720836   1.43146054
27   0.62105825  -0.62105825   1.39956788
28   0.41485933  -0.70635025   1.39956788
29   0.40933745  -0.69694982   1.43146054
30   0.41019527  -0.69840770   1.45059380
31   0.41578538  -0.70792476   1.45697349
32   0.42446270  -0.72270187   1.45059380
33   0.43458041  -0.73992821   1.43146054
34   0.44449226  -0.75680467   1.39956788
35   0.21922248  -0.78768847   1.39956788
36   0.21630438  -0.77720337   1.43146054
37   0.21675749  -0.77883037   1.45059380
38   0.21971175  -0.78944959   1.45697349
39   0.22429708  -0.80592367   1.45059380
40   0.22964343  -0.82513274   1.43146054
41   0.23488131  -0.84395110   1.39956788
42   0.00000000  -0.81641460   1.39956788
43   0.00000000  -0.80555045   1.43146054
44   0.00000000  -0.80723577   1.45059380
45   0.00000000  -0.81823404   1.45697349
46   0.00000000  -0.83531460   1.45059380
47   0.00000000  -0.85522345   1.43146054
48   0.00000000  -0.87472993   1.39956788
49  -0.21922248  -0.78768847   1.39956788
50  -0.21630438  -0.77720337   1.43146054
51  -0.21675749  -0.77883037   1.45059380
52  -0.21971175  -0.78944959   1.45697349
53  -0.22429708  -0.80592367   1.45059380
54  -0.22964343  -0.82513274   1.43146054
55  -0.23488131  -0.84395110   1.39956788
56  -0.41485933  -0.70635025   1.39956788
57  -0.40933745  -0.69694982   1.43146054
58  -0.41019527  -0.69840770   1.45059380
59  -0.41578538  -0.70792476   1.45697349
60  -0.42446270  -0.72270187   1.45059380
61  -0.43458041  -0.73992821   1.43146054
62  -0.44449226  -0.75680467   1.39956788
63  -0.57965437  -0.57965437   1.39956788
64  -0.57193925  -0.57193925   1.43146054
65  -0.57313704  -0.57313704   1.45059380
66  -0.58094838  -0.58094838   1.45697349
67  -0.59307272  -0.59307272   1.45059380
68  -0.60720836  -0.60720836   1.43146054
69  -0.62105825  -0.62105825   1.39956788
70  -0.70635025  -0.41485933   1.39956788
71  -0.69694982  -0.40933745   1.43146054
72  -0.69840770  -0.41019527   1.45059380
73  -0.70792476  -0.41578538   1.45697349
74  -0.72270187  -0.42446270   1.45059380
75  -0.73992821  -0.43458041   1.43146054
76  -0.75680467  -0.44449226   1.39956788
77  -0.78768847  -0.21922248   1.39956788
78  -0.77720337  -0.21630438   1.43146054
79  -0.77883037  -0.21675749   1.45059380
80  -0.78944959  -0.21971175   1.45697349
81  -0.80592367  -0.22429708   1.45059380
82  -0.82513274  -0.22964343   1.43146054
83  -0.84395110  -0.23488131   1.39956788
84  -0.81641460   0.00000000   1.39956788
85  -0.80555045   0.00000000   1.43146054
86  -0.80723577   0.00000000   1.45059380
87  -0.81823404   0.00000000   1.45697349
88  -0.83531460   0.00000000   1.45059380
89  -0.85522345   0.00000000   1.43146054
90  -0.87472993   0.00000000   1.39956788
91  -0.78768847   0.21922248   1.39956788
92  -0.77720337   0.21630438   1.43146054
93  -0.77883037   0.21675749   1.45059380
94  -0.78944959   0.21971175   1.45697349
95  -0.80592367   0.22429708   1.45059380
96  -0.82513274   0.22964343   1.43146054
97  -0.84395110   0.23488131   1.39956788
98  -0.70635025   0.41485933   1.39956788
99  -0.69694982   0.40933745   1.43146054
100  -0.69840770   0.41019527   1.45059380
101  -0.70792476   0.41578538   1.45697349
102  -0.72270187   0.42446270   1.45059380
103  -0.73992821   0.43458041   1.43146054
104  -0.75680467   0.44449226   1.39956788
105  -0.57965437   0.57965437   1.39956788
106  -0.57193925   0.57193925   1.43146054
107  -0.57313704   0.57313704   1.45059380
108  -0.58094838   0.58094838   1.45697349
109  -0.59307272   0.59307272   1.45059380
110  -0.60720836   0.60720836   1.43146054
111  -0.62105825   0.62105825   1.39956788
112  -0.41485933   0.70635025   1.39956788
113  -0.40933745   0.69694982   1.43146054
114  -0.41019527   0.69840770   1.45059380
115  -0.41578538   0.70792476   1.45697349
116  -0.42446270   0.72270187   1.45059380
117  -0.43458041   0.73992821   1.43146054
118  -0.44449226   0.75680467   1.39956788
119  -0.21922248   0.78768847   1.39956788
120  -0.21630438   0.77720337   1.43146054
121  -0.21675749   0.77883037   1.45059380
122  -0.21971175   0.78944959   1.45697349
123  -0.22429708   0.80592367   1.45059380
124  -0.22964343   0.82513274   1.43146054
125  -0.23488131   0.84395110   1.39956788
126   0.00000000   0.81641460   1.39956788
127   0.00000000   0.80555045   1.43146054
128   0.00000000   0.80723577   1.45059380
129   0.00000000   0.81823404   1.45697349
130   0.00000000   0.83531460   1.45059380
131   0.00000000   0.85522345   1.43146054
132   0.00000000   0.87472993   1.39956788
133   0.21922248   0.78768847   1.39956788
134   0.21630438   0.77720337   1.43146054
135   0.21675749   0.77883037   1.45059380
136   0.21971175   0.78944959   1.45697349
137   0.22429708   0.80592367   1.45059380
138   0.22964343   0.82513274   1.43146054
139   0.23488131   0.84395110   1.39956788
140   0.41485933   0.70635025   1.39956788
141   0.40933745   0.69694982   1.43146054
142   0.41019527   0.69840770   1.45059380
143   0.41578538   0.70792476   1.45697349
144   0.42446270   0.72270187   1.45059380
145   0.43458041   0.73992821   1.43146054
146   0.44449226   0.75680467   1.39956788
147   0.57965437   0.57965437   1.39956788
148   0.57193925   0.57193925   1.43146054
149   0.57313704   0.57313704   1.45059380
150   0.58094838   0.58094838   1.45697349
151   0.59307272   0.59307272   1.45059380
152   0.60720836   0.60720836   1.43146054
153   0.62105825   0.62105825   1.39956788
154   0.70635025   0.41485933   1.39956788
155   0.69694982   0.40933745   1.43146054
156   0.69840770   0.41019527   1.45059380
157   0.70792476   0.41578538   1.45697349
158   0.72270187   0.42446270   1.45059380
159   0.73992821   0.43458041   1.43146054
160   0.75680467   0.44449226   1.39956788
161   0.78768847   0.21922248   1.39956788
162   0.77720337   0.21630438   1.43146054
163   0.77883037   0.21675749   1.45059380
164   0.78944959   0.21971175   1.45697349
165   0.80592367   0.22429708   1.45059380
166   0.82513274   0.22964343   1.43146054
167   0.84395110   0.23488131   1.39956788
168   0.94694763   0.00000000   1.24669425
169   0.91363208  -0.25427349   1.24669425
170   1.01511825   0.00000000   1.09503358
171   0.97940011  -0.27257809   1.09503358
172   1.07518887   0.00000000   0.94579882
173   1.03735972  -0.28870811   0.94580465
174   1.12311241   0.00000000   0.80021460
175   1.08359211  -0.30157597   0.80021460
176   1.15483011   0.00000000   0.65948805
177   1.11420182  -0.31009409   0.65948805
178   1.16630657   0.00000000   0.52483796
179   1.12527007  -0.31317489   0.52483796
180   0.81928371  -0.48119068   1.24669425
181   0.87826384  -0.51583057   1.09503358
182   0.93024029  -0.54635515   0.94580465
183   0.97169666  -0.57070646   0.80021460
184   0.99914568  -0.58682715   0.65948805
185   1.00907095  -0.59265868   0.52483796
186   0.67233492  -0.67233492   1.24669425
187   0.72073664  -0.72073664   1.09503358
188   0.76338264  -0.76338264   0.94579882
189   0.79740963  -0.79740963   0.80021460
190   0.81993101  -0.81993101   0.65948805
191   0.82807766  -0.82807766   0.52483796
192   0.48119068  -0.81928371   1.24669425
193   0.51583057  -0.87826384   1.09503358
194   0.54635515  -0.93024029   0.94580465
195   0.57070646  -0.97169666   0.80021460
196   0.58682715  -0.99914568   0.65948805
197   0.59265868  -1.00907095   0.52483796
198   0.25427349  -0.91363208   1.24669425
199   0.27257809  -0.97940011   1.09503358
200   0.28870811  -1.03735972   0.94579882
201   0.30157597  -1.08359211   0.80021460
202   0.31009409  -1.11420182   0.65948805
203   0.31317489  -1.12527007   0.52483796
204   0.00000000  -0.94694763   1.24669425
205   0.00000000  -1.01511825   1.09503358
206   0.00000000  -1.07518887   0.94579882
207   0.00000000  -1.12311241   0.80021460
208   0.00000000  -1.15483011   0.65948805
209   0.00000000  -1.16630657   0.52483796
210  -0.25427349  -0.91363208   1.24669425
211  -0.27257809  -0.97940011   1.09503358
212  -0.28870811  -1.03735972   0.94580465
213  -0.30157597  -1.08359211   0.80021460
214  -0.31009409  -1.11420182   0.65948805
215  -0.31317489  -1.12527007   0.52483796
216  -0.48119068  -0.81928371   1.24669425
217  -0.51583057  -0.87826384   1.09503358
218  -0.54635515  -0.93024029   0.94580465
219  -0.57070646  -0.97169666   0.80021460
220  -0.58682715  -0.99914568   0.65948805
221  -0.59265868  -1.00907095   0.52483796
222  -0.67233492  -0.67233492   1.24669425
223  -0.72073664  -0.72073664   1.09503358
224  -0.76338264  -0.76338264   0.94579882
225  -0.79740963  -0.79740963   0.80021460
226  -0.81993101  -0.81993101   0.65948805
227  -0.82807766  -0.82807766   0.52483796
228  -0.81928371  -0.48119068   1.24669425
229  -0.87826384  -0.51583057   1.09503358
230  -0.93024029  -0.54635515   0.94580465
231  -0.97169666  -0.57070646   0.80021460
232  -0.99914568  -0.58682715   0.65948805
233  -1.00907095  -0.59265868   0.52483796
234  -0.91363208  -0.25427349   1.24669425
235  -0.97940011  -0.27257809   1.09503358
236  -1.03735972  -0.28870811   0.94579882
237  -1.08359211  -0.30157597   0.80021460
238  -1.11420182  -0.31009409   0.65948805
239  -1.12527007  -0.31317489   0.52483796
240  -0.94694763   0.00000000   1.24669425
241  -1.01511825   0.00000000   1.09503358
242  -1.07518887   0.00000000   0.94579882
243  -1.12311241   0.00000000   0.80021460
244  -1.15483011   0.00000000   0.65948805
245  -1.16630657   0.00000000   0.52483796
246  -0.91363208   0.25427349   1.24669425
247  -0.97940011   0.27257809   1.09503358
248  -1.03735972   0.28870811   0.94580465
249  -1.08359211   0.30157597   0.80021460
250  -1.11420182   0.31009409   0.65948805
251  -1.12527007   0.31317489   0.52483796
252  -0.81928371   0.48119068   1.24669425
253  -0.87826384   0.51583057   1.09503358
254  -0.93024029   0.54635515   0.94580465
255  -0.97169666   0.57070646   0.80021460
256  -0.99914568   0.58682715   0.65948805
257  -1.00907095   0.59265868   0.52483796
258  -0.67233492   0.67233492   1.24669425
259  -0.72073664   0.72073664   1.09503358
260  -0.76338264   0.76338264   0.94579882
261  -0.79740963   0.79740963   0.80021460
262  -0.81993101   0.81993101   0.65948805
263  -0.82807766   0.82807766   0.52483796
264  -0.48119068   0.81928371   1.24669425
265  -0.51583057   0.87826384   1.09503358
266  -0.54635515   0.93024029   0.94580465
267  -0.57070646   0.97169666   0.80021460
268  -0.58682715   0.99914568   0.65948805
269  -0.59265868   1.00907095   0.52483796
270  -0.25427349   0.91363208   1.24669425
271  -0.27257809   0.97940011   1.09503358
272  -0.28870811   1.03735972   0.94579882
273  -0.30157597   1.08359211   0.80021460
274  -0.31009409   1.11420182   0.65948805
275  -0.31317489   1.12527007   0.52483796
276   0.00000000   0.94694763   1.24669425
277   0.00000000   1.01511825   1.09503358
278   0.00000000   1.07518887   0.94579882
279   0.00000000   1.12311241   0.80021460
280   0.00000000   1.15483011   0.65948805
281   0.00000000   1.16630657   0.52483796
282   0.25427349   0.91363208   1.24669425
283   0.27257809   0.97940011   1.09503358
284   0.28870811   1.03735972   0.94580465
285   0.30157597   1.08359211   0.80021460
286   0.31009409   1.11420182   0.65948805
287   0.31317489   1.12527007   0.52483796
288   0.48119068   0.81928371   1.24669425
289   0.51583057   0.87826384   1.09503358
290   0.54635515   0.93024029   0.94580465
291   0.57070646   0.97169666   0.80021460
292   0.58682715   0.99914568   0.65948805
293   0.59265868   1.00907095   0.52483796
294   0.67233492   0.67233492   1.24669425
295   0.72073664   0.72073664   1.09503358
296   0.76338264   0.76338264   0.94579882
297   0.79740963   0.79740963   0.80021460
298   0.81993101   0.81993101   0.65948805
299   0.82807766   0.82807766   0.52483796
300   0.81928371   0.48119068   1.24669425
301   0.87826384   0.51583057   1.09503358
302   0.93024029   0.54635515   0.94580465
303   0.97169666   0.57070646   0.80021460
304   0.99914568   0.58682715   0.65948805
305   1.00907095   0.59265868   0.52483796
306   0.91363208   0.25427349   1.24669425
307   0.97940011   0.27257809   1.09503358
308   1.03735972   0.28870811   0.94579882
309   1.08359211   0.30157597   0.80021460
310   1.11420182   0.31009409   0.65948805
311   1.12527007   0.31317489   0.52483796
312   1.14470657   0.00000000   0.40436024
313   1.10443401  -0.30737543   0.40436024
314   1.09071241   0.00000000   0.30453547
315   1.05233509  -0.29287649   0.30453547
316   1.02051825   0.00000000   0.22414954
317   0.98461350  -0.27402781   0.22414954
318   0.95032409   0.00000000   0.16198715
319   0.91688608  -0.25517971   0.16198715
320   0.89632992   0.00000000   0.11683301
321   0.86479300  -0.24068077   0.11683301
322   0.87472993   0.00000000   0.08747299
323   0.84395110  -0.23488131   0.08747299
324   0.99038672  -0.58168141   0.40436024
325   0.94367031  -0.55424346   0.30453547
326   0.88293489  -0.51857431   0.22414954
327   0.82220531  -0.48290515   0.16198715
328   0.77548890  -0.45546779   0.11683301
329   0.75680467  -0.44449226   0.08747299
330   0.81274073  -0.81274073   0.40436024
331   0.77440424  -0.77440424   0.30453547
332   0.72456796  -0.72456796   0.22414954
333   0.67473168  -0.67473168   0.16198715
334   0.63639518  -0.63639518   0.11683301
335   0.62105825  -0.62105825   0.08747299
336   0.58168141  -0.99038672   0.40436024
337   0.55424346  -0.94367031   0.30453547
338   0.51857431  -0.88293489   0.22414954
339   0.48290515  -0.82220531   0.16198715
340   0.45546779  -0.77548890   0.11683301
341   0.44449226  -0.75680467   0.08747299
342   0.30737543  -1.10443401   0.40436024
343   0.29287649  -1.05233509   0.30453547
344   0.27402781  -0.98461350   0.22414954
345   0.25517971  -0.91688608   0.16198715
346   0.24068077  -0.86479300   0.11683301
347   0.23488131  -0.84395110   0.08747299
348   0.00000000  -1.14470657   0.40436024
349   0.00000000  -1.09071241   0.30453547
350   0.00000000  -1.02051825   0.22414954
351   0.00000000  -0.95032409   0.16198715
352   0.00000000  -0.89632992   0.11683301
353   0.00000000  -0.87472993   0.08747299
354  -0.30737543  -1.10443401   0.40436024
355  -0.29287649  -1.05233509   0.30453547
356  -0.27402781  -0.98461350   0.22414954
357  -0.25517971  -0.91688608   0.16198715
358  -0.24068077  -0.86479300   0.11683301
359  -0.23488131  -0.84395110   0.08747299
360  -0.58168141  -0.99038672   0.40436024
361  -0.55424346  -0.94367031   0.30453547
362  -0.51857431  -0.88293489   0.22414954
363  -0.48290515  -0.82220531   0.16198715
364  -0.45546779  -0.77548890   0.11683301
365  -0.44449226  -0.75680467   0.08747299
366  -0.81274073  -0.81274073   0.40436024
367  -0.77440424  -0.77440424   0.30453547
368  -0.72456796  -0.72456796   0.22414954
369  -0.67473168  -0.67473168   0.16198715
370  -0.63639518  -0.63639518   0.11683301
371  -0.62105825  -0.62105825   0.08747299
372  -0.99038672  -0.58168141   0.40436024
373  -0.94367031  -0.55424346   0.30453547
374  -0.88293489  -0.51857431   0.22414954
375  -0.82220531  -0.48290515   0.16198715
376  -0.77548890  -0.45546779   0.11683301
377  -0.75680467  -0.44449226   0.08747299
378  -1.10443401  -0.30737543   0.40436024
379  -1.05233509  -0.29287649   0.30453547
380  -0.98461350  -0.27402781   0.22414954
381  -0.91688608  -0.25517971   0.16198715
382  -0.86479300  -0.24068077   0.11683301
383  -0.84395110  -0.23488131   0.08747299
384  -1.14470657   0.00000000   0.40436024
385  -1.09071241   0.00000000   0.30453547
386  -1.02051825   0.00000000   0.22414954
387  -0.95032409   0.00000000   0.16198715
388  -0.89632992   0.00000000   0.11683301
389  -0.87472993   0.00000000   0.08747299
390  -1.10443401   0.30737543   0.40436024
391  -1.05233509   0.29287649   0.30453547
392  -0.98461350   0.27402781   0.22414954
393  -0.91688608   0.25517971   0.16198715
394  -0.86479300   0.24068077   0.11683301
395  -0.84395110   0.23488131   0.08747299
396  -0.99038672   0.58168141   0.40436024
397  -0.94367031   0.55424346   0.30453547
398  -0.88293489   0.51857431   0.22414954
399  -0.82220531   0.48290515   0.16198715
400  -0.77548890   0.45546779   0.11683301
401  -0.75680467   0.44449226   0.08747299
402  -0.81274073   0.81274073   0.40436024
403  -0.77440424   0.77440424   0.30453547
404  -0.72456796   0.72456796   0.22414954
405  -0.67473168   0.67473168   0.16198715
406  -0.63639518   0.63639518   0.11683301
407  -0.62105825   0.62105825   0.08747299
408  -0.58168141   0.99038672   0.40436024
409  -0.55424346   0.94367031   0.30453547
410  -0.51857431   0.88293489   0.22414954
411  -0.48290515   0.82220531   0.16198715
412  -0.45546779   0.77548890   0.11683301
413  -0.44449226   0.75680467   0.08747299
414  -0.30737543   1.10443401   0.40436024
415  -0.29287649   1.05233509   0.30453547
416  -0.27402781   0.98461350   0.22414954
417  -0.25517971   0.91688608   0.16198715
418  -0.24068077   0.86479300   0.11683301
419  -0.23488131   0.84395110   0.08747299
420   0.00000000   1.14470657   0.40436024
421   0.00000000   1.09071241   0.30453547
422   0.00000000   1.02051825   0.22414954
423   0.00000000   0.95032409   0.16198715
424   0.00000000   0.89632992   0.11683301
425   0.00000000   0.87472993   0.08747299
426   0.30737543   1.10443401   0.40436024
427   0.29287649   1.05233509   0.30453547
428   0.27402781   0.98461350   0.22414954
429   0.25517971   0.91688608   0.16198715
430   0.24068077   0.86479300   0.11683301
431   0.23488131   0.84395110   0.08747299
432   0.58168141   0.99038672   0.40436024
433   0.55424346   0.94367031   0.30453547
434   0.51857431   0.88293489   0.22414954
435   0.48290515   0.82220531   0.16198715
436   0.45546779   0.77548890   0.11683301
437   0.44449226   0.75680467   0.08747299
438   0.81274073   0.81274073   0.40436024
439   0.77440424   0.77440424   0.30453547
440   0.72456796   0.72456796   0.22414954
441   0.67473168   0.67473168   0.16198715
442   0.63639518   0.63639518   0.11683301
443   0.62105825   0.62105825   0.08747299
444   0.99038672   0.58168141   0.40436024
445   0.94367031   0.55424346   0.30453547
446   0.88293489   0.51857431   0.22414954
447   0.82220531   0.48290515   0.16198715
448   0.77548890   0.45546779   0.11683301
449   0.75680467   0.44449226   0.08747299
450   1.10443401   0.30737543   0.40436024
451   1.05233509   0.29287649   0.30453547
452   0.98461350   0.27402781   0.22414954
453   0.91688608   0.25517971   0.16198715
454   0.86479300   0.24068077   0.11683301
455   0.84395110   0.23488131   0.08747299
456   0.35333432   0.00000000   0.00344235
457   0.00000000   0.00000000   0.00000000
458   0.34090208   0.09487671   0.00344235
459   0.59611095   0.00000000   0.01295883
460   0.57513784   0.16006741   0.01295883
461   0.74898458   0.00000000   0.02733531
462   0.72263189   0.20111674   0.02733531
463   0.83261460   0.00000000   0.04535650
464   0.80331698   0.22357222   0.04535650
465   0.86764461   0.00000000   0.06580710
466   0.83711654   0.23297848   0.06580710
467   0.30569945   0.17954590   0.00344235
468   0.51574776   0.30291314   0.01295883
469   0.64801159   0.38059674   0.02733531
470   0.72036342   0.42309112   0.04535650
471   0.75066990   0.44089129   0.06580710
472   0.25086729   0.25086729   0.00344235
473   0.42323982   0.42323982   0.01295883
474   0.53178098   0.53178098   0.02733531
475   0.59115415   0.59115415   0.04535650
476   0.61602564   0.61602564   0.06580710
477   0.17954590   0.30569945   0.00344235
478   0.30291314   0.51574776   0.01295883
479   0.38059674   0.64801159   0.02733531
480   0.42309112   0.72036342   0.04535650
481   0.44089129   0.75066990   0.06580710
482   0.09487671   0.34090208   0.00344235
483   0.16006741   0.57513784   0.01295883
484   0.20111674   0.72263189   0.02733531
485   0.22357222   0.80331698   0.04535650
486   0.23297848   0.83711654   0.06580710
487   0.00000000   0.35333432   0.00344235
488   0.00000000   0.59611095   0.01295883
489   0.00000000   0.74898458   0.02733531
490   0.00000000   0.83261460   0.04535650
491   0.00000000   0.86764461   0.06580710
492  -0.09487671   0.34090208   0.00344235
493  -0.16006741   0.57513784   0.01295883
494  -0.20111674   0.72263189   0.02733531
495  -0.22357222   0.80331698   0.04535650
496  -0.23297848   0.83711654   0.06580710
497  -0.17954590   0.30569945   0.00344235
498  -0.30291314   0.51574776   0.01295883
499  -0.38059674   0.64801159   0.02733531
500  -0.42309112   0.72036342   0.04535650
501  -0.44089129   0.75066990   0.06580710
502  -0.25086729   0.25086729   0.00344235
503  -0.42323982   0.42323982   0.01295883
504  -0.53178098   0.53178098   0.02733531
505  -0.59115415   0.59115415   0.04535650
506  -0.61602564   0.61602564   0.06580710
507  -0.30569945   0.17954590   0.00344235
508  -0.51574776   0.30291314   0.01295883
509  -0.64801159   0.38059674   0.02733531
510  -0.72036342   0.42309112   0.04535650
511  -0.75066990   0.44089129   0.06580710
512  -0.34090208   0.09487671   0.00344235
513  -0.57513784   0.16006741   0.01295883
514  -0.72263189   0.20111674   0.02733531
515  -0.80331698   0.22357222   0.04535650
516  -0.83711654   0.23297848   0.06580710
517  -0.35333432   0.00000000   0.00344235
518  -0.59611095   0.00000000   0.01295883
519  -0.74898458   0.00000000   0.02733531
520  -0.83261460   0.00000000   0.04535650
521  -0.86764461   0.00000000   0.06580710
522  -0.34090208  -0.09487671   0.00344235
523  -0.57513784  -0.16006741   0.01295883
524  -0.72263189  -0.20111674   0.02733531
525  -0.80331698  -0.22357222   0.04535650
526  -0.83711654  -0.23297848   0.06580710
527  -0.30569945  -0.17954590   0.00344235
528  -0.51574776  -0.30291314   0.01295883
529  -0.64801159  -0.38059674   0.02733531
530  -0.72036342  -0.42309112   0.04535650
531  -0.75066990  -0.44089129   0.06580710
532  -0.25086729  -0.25086729   0.00344235
533  -0.42323982  -0.42323982   0.01295883
534  -0.53178098  -0.53178098   0.02733531
535  -0.59115415  -0.59115415   0.04535650
536  -0.61602564  -0.61602564   0.06580710
537  -0.17954590  -0.30569945   0.00344235
538  -0.30291314  -0.51574776   0.01295883
539  -0.38059674  -0.64801159   0.02733531
540  -0.42309112  -0.72036342   0.04535650
541  -0.44089129  -0.75066990   0.06580710
542  -0.09487671  -0.34090208   0.00344235
543  -0.16006741  -0.57513784   0.01295883
544  -0.20111674  -0.72263189   0.02733531
545  -0.22357222  -0.80331698   0.04535650
546  -0.23297848  -0.83711654   0.06580710
547   0.00000000  -0.35333432   0.00344235
548   0.00000000  -0.59611095   0.01295883
549   0.00000000  -0.74898458   0.02733531
550   0.00000000  -0.83261460   0.04535650
551   0.00000000  -0.86764461   0.06580710
552   0.09487671  -0.34090208   0.00344235
553   0.16006741  -0.57513784   0.01295883
554   0.20111674  -0.72263189   0.02733531
555   0.22357222  -0.80331698   0.04535650
556   0.23297848  -0.83711654   0.06580710
557   0.17954590  -0.30569945   0.00344235
558   0.30291314  -0.51574776   0.01295883
559   0.38059674  -0.64801159   0.02733531
560   0.42309112  -0.72036342   0.04535650
561   0.44089129  -0.75066990   0.06580710
562   0.25086729  -0.25086729   0.00344235
563   0.42323982  -0.42323982   0.01295883
564   0.53178098  -0.53178098   0.02733531
565   0.59115415  -0.59115415   0.04535650
566   0.61602564  -0.61602564   0.06580710
567   0.30569945  -0.17954590   0.00344235
568   0.51574776  -0.30291314   0.01295883
569   0.64801159  -0.38059674   0.02733531
570   0.72036342  -0.42309112   0.04535650
571   0.75066990  -0.44089129   0.06580710
572   0.34090208  -0.09487671   0.00344235
573   0.57513784  -0.16006741   0.01295883
574   0.72263189  -0.20111674   0.02733531
575   0.80331698  -0.22357222   0.04535650
576   0.83711654  -0.23297848   0.06580710
577   0.11663066   0.00000000   1.57451387
578   0.09989183   0.00000000   1.62432682
579   0.09638299  -0.02685129   1.62432682
580   0.11252701  -0.03131766   1.57451387
581   0.08644314  -0.05079615   1.62432682
582   0.10090709  -0.05926587   1.57451387
583   0.07095343  -0.07095343   1.62432682
584   0.08280777  -0.08280777   1.57451387
585   0.05079615  -0.08644314   1.62432682
586   0.05926587  -0.10090709   1.57451387
587   0.02685129  -0.09638299   1.62432682
588   0.03131766  -0.11252701   1.57451387
589   0.00000000  -0.09989183   1.62432682
590   0.00000000  -0.11663066   1.57451387
591  -0.02685129  -0.09638299   1.62432682
592  -0.03131766  -0.11252701   1.57451387
593  -0.05079615  -0.08644314   1.62432682
594  -0.05926587  -0.10090709   1.57451387
595  -0.07095343  -0.07095343   1.62432682
596  -0.08280777  -0.08280777   1.57451387
597  -0.08644314  -0.05079615   1.62432682
598  -0.10090709  -0.05926587   1.57451387
599  -0.09638299  -0.02685129   1.62432682
600  -0.11252701  -0.03131766   1.57451387
601  -0.09989183   0.00000000   1.62432682
602  -0.11663066   0.00000000   1.57451387
603  -0.09638299   0.02685129   1.62432682
604  -0.11252701   0.03131766   1.57451387
605  -0.08644314   0.05079615   1.62432682
606  -0.10090709   0.05926587   1.57451387
607  -0.07095343   0.07095343   1.62432682
608  -0.08280777   0.08280777   1.57451387
609  -0.05079615   0.08644314   1.62432682
610  -0.05926587   0.10090709   1.57451387
611  -0.02685129   0.09638299   1.62432682
612  -0.03131766   0.11252701   1.57451387
613   0.00000000   0.09989183   1.62432682
614   0.00000000   0.11663066   1.57451387
615   0.02685129   0.09638299   1.62432682
616   0.03131766   0.11252701   1.57451387
617   0.05079615   0.08644314   1.62432682
618   0.05926587   0.10090709   1.57451387
619   0.07095343   0.07095343   1.62432682
620   0.08280777   0.08280777   1.57451387
621   0.08644314   0.05079615   1.62432682
622   0.10090709   0.05926587   1.57451387
623   0.09638299   0.02685129   1.62432682
624   0.11252701   0.03131766   1.57451387
625   0.20464365   0.00000000   1.53725621
626   0.19744346  -0.05495053   1.53725621
627   0.33477314   0.00000000   1.50971971
628   0.32299403  -0.08989308   1.50971971
629   0.48110146   0.00000000   1.48704088
630   0.46417369  -0.12918478   1.48704088
631   0.61771095   0.00000000   1.46436204
632   0.59597683  -0.16586687   1.46436204
633   0.71868394   0.00000000   1.43682555
634   0.69339258  -0.19297942   1.43682555
635   0.75809927   0.00000000   1.39956788
636   0.73142584  -0.20356365   1.39956788
637   0.17705467  -0.10398906   1.53725621
638   0.28964057  -0.17011456   1.50971971
639   0.41624199  -0.24447069   1.48704088
640   0.53443374  -0.31388867   1.46436204
641   0.62179302  -0.36519741   1.43682555
642   0.65589583  -0.38522698   1.39956788
643   0.14529672  -0.14529672   1.53725621
644   0.23768920  -0.23768920   1.50971971
645   0.34158204  -0.34158204   1.48704088
646   0.43857442  -0.43857442   1.46436204
647   0.51026437  -0.51026437   1.43682555
648   0.53825048  -0.53825048   1.39956788
649   0.10398906  -0.17705467   1.53725621
650   0.17011456  -0.28964057   1.50971971
651   0.24447069  -0.41624199   1.48704088
652   0.31388867  -0.53443374   1.46436204
653   0.36519741  -0.62179302   1.43682555
654   0.38522698  -0.65589583   1.39956788
655   0.05495053  -0.19744346   1.53725621
656   0.08989308  -0.32299403   1.50971971
657   0.12918478  -0.46417369   1.48704088
658   0.16586687  -0.59597683   1.46436204
659   0.19297942  -0.69339258   1.43682555
660   0.20356365  -0.73142584   1.39956788
661   0.00000000  -0.20464365   1.53725621
662   0.00000000  -0.33477314   1.50971971
663   0.00000000  -0.48110146   1.48704088
664   0.00000000  -0.61771095   1.46436204
665   0.00000000  -0.71868394   1.43682555
666   0.00000000  -0.75809927   1.39956788
667  -0.05495053  -0.19744346   1.53725621
668  -0.08989308  -0.32299403   1.50971971
669  -0.12918478  -0.46417369   1.48704088
670  -0.16586687  -0.59597683   1.46436204
671  -0.19297942  -0.69339258   1.43682555
672  -0.20356365  -0.73142584   1.39956788
673  -0.10398906  -0.17705467   1.53725621
674  -0.17011456  -0.28964057   1.50971971
675  -0.24447069  -0.41624199   1.48704088
676  -0.31388867  -0.53443374   1.46436204
677  -0.36519741  -0.62179302   1.43682555
678  -0.38522698  -0.65589583   1.39956788
679  -0.14529672  -0.14529672   1.53725621
680  -0.23768920  -0.23768920   1.50971971
681  -0.34158204  -0.34158204   1.48704088
682  -0.43857442  -0.43857442   1.46436204
683  -0.51026437  -0.51026437   1.43682555
684  -0.53825048  -0.53825048   1.39956788
685  -0.17705467  -0.10398906   1.53725621
686  -0.28964057  -0.17011456   1.50971971
687  -0.41624199  -0.24447069   1.48704088
688  -0.53443374  -0.31388867   1.46436204
689  -0.62179302  -0.36519741   1.43682555
690  -0.65589583  -0.38522698   1.39956788
691  -0.19744346  -0.05495053   1.53725621
692  -0.32299403  -0.08989308   1.50971971
693  -0.46417369  -0.12918478   1.48704088
694  -0.59597683  -0.16586687   1.46436204
695  -0.69339258  -0.19297942   1.43682555
696  -0.73142584  -0.20356365   1.39956788
697  -0.20464365   0.00000000   1.53725621
698  -0.33477314   0.00000000   1.50971971
699  -0.48110146   0.00000000   1.48704088
700  -0.61771095   0.00000000   1.46436204
701  -0.71868394   0.00000000   1.43682555
702  -0.75809927   0.00000000   1.39956788
703  -0.19744346   0.05495053   1.53725621
704  -0.32299403   0.08989308   1.50971971
705  -0.46417369   0.12918478   1.48704088
706  -0.59597683   0.16586687   1.46436204
707  -0.69339258   0.19297942   1.43682555
708  -0.73142584   0.20356365   1.39956788
709  -0.17705467   0.10398906   1.53725621
710  -0.28964057   0.17011456   1.50971971
711  -0.41624199   0.24447069   1.48704088
712  -0.53443374   0.31388867   1.46436204
713  -0.62179302   0.36519741   1.43682555
714  -0.65589583   0.38522698   1.39956788
715  -0.14529672   0.14529672   1.53725621
716  -0.23768920   0.23768920   1.50971971
717  -0.34158204   0.34158204   1.48704088
718  -0.43857442   0.43857442   1.46436204
719  -0.51026437   0.51026437   1.43682555
720  -0.53825048   0.53825048   1.39956788
721  -0.10398906   0.17705467   1.53725621
722  -0.17011456   0.28964057   1.50971971
723  -0.24447069   0.41624199   1.48704088
724  -0.31388867   0.53443374   1.46436204
725  -0.36519741   0.62179302   1.43682555
726  -0.38522698   0.65589583   1.39956788
727  -0.05495053   0.19744346   1.53725621
728  -0.08989308   0.32299403   1.50971971
729  -0.12918478   0.46417369   1.48704088
730  -0.16586687   0.59597683   1.46436204
731  -0.19297942   0.69339258   1.43682555
732  -0.20356365   0.73142584   1.39956788
733   0.00000000   0.20464365   1.53725621
734   0.00000000   0.33477314   1.50971971
735   0.00000000   0.48110146   1.48704088
736   0.00000000   0.61771095   1.46436204
737   0.00000000   0.71868394   1.43682555
738   0.00000000   0.75809927   1.39956788
739   0.05495053   0.19744346   1.53725621
740   0.08989308   0.32299403   1.50971971
741   0.12918478   0.46417369   1.48704088
742   0.16586687   0.59597683   1.46436204
743   0.19297942   0.69339258   1.43682555
744   0.20356365   0.73142584   1.39956788
745   0.10398906   0.17705467   1.53725621
746   0.17011456   0.28964057   1.50971971
747   0.24447069   0.41624199   1.48704088
748   0.31388867   0.53443374   1.46436204
749   0.36519741   0.62179302   1.43682555
750   0.38522698   0.65589583   1.39956788
751   0.14529672   0.14529672   1.53725621
752   0.23768920   0.23768920   1.50971971
753   0.34158204   0.34158204   1.48704088
754   0.43857442   0.43857442   1.46436204
755   0.51026437   0.51026437   1.43682555
756   0.53825048   0.53825048   1.39956788
757   0.17705467   0.10398906   1.53725621
758   0.28964057   0.17011456   1.50971971
759   0.41624199   0.24447069   1.48704088
760   0.53443374   0.31388867   1.46436204
761   0.62179302   0.36519741   1.43682555
762   0.65589583   0.38522698   1.39956788
763   0.19744346   0.05495053   1.53725621
764   0.32299403   0.08989308   1.50971971
765   0.46417369   0.12918478   1.48704088
766   0.59597683   0.16586687   1.46436204
767   0.69339258   0.19297942   1.43682555
768   0.73142584   0.20356365   1.39956788
769  -1.12230182   0.00000000   1.18027892
770  -0.93304526   0.00000000   1.18088540
771  -0.92872409  -0.07289416   1.19060657
772  -1.12375971  -0.07289416   1.18995344
773  -1.28077956   0.00000000   1.17602773
774  -1.28669857  -0.07289416   1.18538734
775  -1.40685730   0.00000000   1.16448130
776  -1.41603613  -0.07289416   1.17298951
777  -1.49891971   0.00000000   1.14200657
778  -1.51027953  -0.07289416   1.14884696
779  -1.55534562   0.00000000   1.10495301
780  -1.56792424  -0.07289416   1.10904675
781  -1.57451387   0.00000000   1.04967591
782  -1.58747153  -0.07289416   1.04967591
783  -0.91792409  -0.11663066   1.21490073
784  -1.12741025  -0.11663066   1.21413680
785  -1.30149316  -0.11663066   1.20878345
786  -1.43898321  -0.11663066   1.19425127
787  -1.53867910  -0.11663066   1.16594501
788  -1.59937369  -0.11663066   1.11928692
789  -1.61987153  -0.11663066   1.04967591
790  -0.90388759  -0.13120949   1.24649015
791  -1.13215711  -0.13120949   1.24558043
792  -1.32073139  -0.13120949   1.23920073
793  -1.46881734  -0.13120949   1.22188691
794  -1.57559270  -0.13120949   1.18817482
795  -1.64025274  -0.13120949   1.13259448
796  -1.66198686  -0.13120949   1.04967591
797  -0.88985109  -0.11663066   1.27807956
798  -1.13689815  -0.11663066   1.27701822
799  -1.33997545  -0.11663066   1.26961801
800  -1.49865146  -0.11663066   1.24952837
801  -1.61251214  -0.11663066   1.21040462
802  -1.68113762  -0.11663066   1.14590204
803  -1.70410219  -0.11663066   1.04967591
804  -0.87905109  -0.07289416   1.30237373
805  -1.14054869  -0.07289416   1.30120742
806  -1.35477005  -0.07289416   1.29301412
807  -1.52159854  -0.07289416   1.27079014
808  -1.64090587  -0.07289416   1.22750268
809  -1.71258124  -0.07289416   1.15613638
810  -1.73650219  -0.07289416   1.04967591
811  -0.87472993   0.00000000   1.31209489
812  -1.14200657   0.00000000   1.31088193
813  -1.36068905   0.00000000   1.30237373
814  -1.53077737   0.00000000   1.27929252
815  -1.65226570   0.00000000   1.23434306
816  -1.72515986   0.00000000   1.16023011
817  -1.74945985   0.00000000   1.04967591
818  -0.87905109   0.07289416   1.30237373
819  -1.14054869   0.07289416   1.30120742
820  -1.35477005   0.07289416   1.29301412
821  -1.52159854   0.07289416   1.27079014
822  -1.64090587   0.07289416   1.22750268
823  -1.71258124   0.07289416   1.15613638
824  -1.73650219   0.07289416   1.04967591
825  -0.88985109   0.11663066   1.27807956
826  -1.13689815   0.11663066   1.27701822
827  -1.33997545   0.11663066   1.26961801
828  -1.49865146   0.11663066   1.24952837
829  -1.61251214   0.11663066   1.21040462
830  -1.68113762   0.11663066   1.14590204
831  -1.70410219   0.11663066   1.04967591
832  -0.90388759   0.13120949   1.24649015
833  -1.13215711   0.13120949   1.24558043
834  -1.32073139   0.13120949   1.23920073
835  -1.46881734   0.13120949   1.22188691
836  -1.57559270   0.13120949   1.18817482
837  -1.64025274   0.13120949   1.13259448
838  -1.66198686   0.13120949   1.04967591
839  -0.91792409   0.11663066   1.21490073
840  -1.12741025   0.11663066   1.21413680
841  -1.30149316   0.11663066   1.20878345
842  -1.43898321   0.11663066   1.19425127
843  -1.53867910   0.11663066   1.16594501
844  -1.59937369   0.11663066   1.11928692
845  -1.61987153   0.11663066   1.04967591
846  -0.92872409   0.07289416   1.19060657
847  -1.12375971   0.07289416   1.18995344
848  -1.28669857   0.07289416   1.18538734
849  -1.41603613   0.07289416   1.17298951
850  -1.51027953   0.07289416   1.14884696
851  -1.56792424   0.07289416   1.10904675
852  -1.58747153   0.07289416   1.04967591
853  -1.56452445   0.00000000   0.97435000
854  -1.57695145  -0.07289416   0.97035540
855  -1.53347737   0.00000000   0.88445109
856  -1.54435901  -0.07289416   0.87784980
857  -1.47975146   0.00000000   0.78725693
858  -1.48811971  -0.07289416   0.77895283
859  -1.40172555   0.00000000   0.69006278
860  -1.40668819  -0.07289416   0.68046407
861  -1.29778431   0.00000000   0.60016387
862  -1.29849576  -0.07289416   0.58917726
863  -1.16198540  -0.07289416   0.51187912
864  -1.60802769  -0.11663066   0.96036016
865  -1.57155145  -0.11663066   0.86135239
866  -1.50904325  -0.11663066   0.75819841
867  -1.41908602  -0.11663066   0.65646732
868  -1.30026854  -0.11663066   0.56170899
869  -1.15118540  -0.11663066   0.47948146
870  -1.64842272  -0.13120949   0.94737333
871  -1.60691387  -0.13120949   0.83990401
872  -1.53624152  -0.13120949   0.73122174
873  -1.43520438  -0.13120949   0.62526861
874  -1.30257783  -0.13120949   0.52600251
875  -1.13714891  -0.13120949   0.43736496
876  -1.68881191  -0.11663066   0.93438068
877  -1.64227045  -0.11663066   0.81845564
878  -1.56344562  -0.11663066   0.70423923
879  -1.45132274  -0.11663066   0.59406991
880  -1.30488712  -0.11663066   0.49029545
881  -1.12311241  -0.11663066   0.39524847
882  -1.71988815  -0.07289416   0.92438543
883  -1.66946872  -0.07289416   0.80195823
884  -1.58436916  -0.07289416   0.68348481
885  -1.46372058  -0.07289416   0.57007432
886  -1.30665990  -0.07289416   0.46282893
887  -1.11231241  -0.07289416   0.36285080
888  -1.73231515   0.00000000   0.92039083
889  -1.68034453   0.00000000   0.79535693
890  -1.59273741   0.00000000   0.67518070
891  -1.46868321   0.00000000   0.56047504
892  -1.30737135   0.00000000   0.45184233
893  -1.10799124   0.00000000   0.34989197
894  -1.71988815   0.07289416   0.92438543
895  -1.66946872   0.07289416   0.80195823
896  -1.58436916   0.07289416   0.68348481
897  -1.46372058   0.07289416   0.57007432
898  -1.30665990   0.07289416   0.46282893
899  -1.11231241   0.07289416   0.36285080
900  -1.68881191   0.11663066   0.93438068
901  -1.64227045   0.11663066   0.81845564
902  -1.56344562   0.11663066   0.70423923
903  -1.45132274   0.11663066   0.59406991
904  -1.30488712   0.11663066   0.49029545
905  -1.12311241   0.11663066   0.39524847
906  -1.64842272   0.13120949   0.94737333
907  -1.60691387   0.13120949   0.83990401
908  -1.53624152   0.13120949   0.73122174
909  -1.43520438   0.13120949   0.62526861
910  -1.30257783   0.13120949   0.52600251
911  -1.13714891   0.13120949   0.43736496
912  -1.60802769   0.11663066   0.96036016
913  -1.57155145   0.11663066   0.86135239
914  -1.50904325   0.11663066   0.75819841
915  -1.41908602   0.11663066   0.65646732
916  -1.30026854   0.11663066   0.56170899
917  -1.15118540   0.11663066   0.47948146
918  -1.57695145   0.07289416   0.97035540
919  -1.54435901   0.07289416   0.87784980
920  -1.48811971   0.07289416   0.77895283
921  -1.40668819   0.07289416   0.68046407
922  -1.29849576   0.07289416   0.58917726
923  -1.16198540   0.07289416   0.51187912
924   1.20059598   0.00000000   0.86096168
925   0.99136058   0.00000000   0.83099343
926   0.99136058  -0.16036715   0.79535693
927   1.20851520  -0.15298793   0.83111589
928   1.32397372   0.00000000   0.93952409
929   1.33549100  -0.13453929   0.91672863
930   1.39227847   0.00000000   1.04967591
931   1.40523613  -0.11055595   1.03428650
932   1.43628321   0.00000000   1.17440657
933   1.45068127  -0.08657319   1.16588670
934   1.48677263   0.00000000   1.29670548
935   1.50476874  -0.06812455   1.29361476
936   1.57451387   0.00000000   1.39956788
937   1.60042920  -0.06074533   1.39956788
938   0.99136058  -0.25658745   0.70626277
939   1.22831326  -0.24478034   0.75649560
940   1.36429294  -0.21526287   0.85973122
941   1.43763613  -0.17688964   0.99581588
942   1.48667932  -0.13851698   1.14458994
943   1.54976484  -0.10899951   1.28589381
944   1.66522919  -0.09719241   1.39956788
945   0.99136058  -0.28866088   0.59044270
946   1.25404781  -0.27537781   0.65948805
947   1.40172555  -0.24217073   0.78563577
948   1.47975146  -0.19900106   0.94579882
949   1.53347737  -0.15583139   1.11690182
950   1.60826095  -0.12262431   1.27585191
951   1.74945985  -0.10934124   1.39956788
952   0.99136058  -0.25658745   0.47462204
953   1.27978820  -0.24478034   0.56248517
954   1.43916399  -0.21526287   0.71154031
955   1.52186679  -0.17688964   0.89578759
956   1.58027542  -0.13851698   1.08921371
957   1.66675706  -0.10899951   1.26581001
958   1.83369051  -0.09719241   1.39956788
959   0.99136058  -0.16036715   0.38552905
960   1.29958625  -0.15298793   0.48786604
961   1.46796010  -0.13453929   0.65454874
962   1.55426679  -0.11055595   0.85731697
963   1.61626764  -0.08657319   1.06791695
964   1.71175316  -0.06812455   1.25808323
965   1.89849051  -0.06074533   1.39956788
966   0.99136058   0.00000000   0.34989197
967   1.30750547   0.00000000   0.45801850
968   1.47948321   0.00000000   0.63174745
969   1.56722445   0.00000000   0.84192755
970   1.63067153   0.00000000   1.05939708
971   1.72974927   0.00000000   1.25499252
972   1.92440584   0.00000000   1.39956788
973   0.99136058   0.16036715   0.38552905
974   1.29958625   0.15298793   0.48786604
975   1.46796010   0.13453929   0.65454874
976   1.55426679   0.11055595   0.85731697
977   1.61626764   0.08657319   1.06791695
978   1.71175316   0.06812455   1.25808323
979   1.89849051   0.06074533   1.39956788
980   0.99136058   0.25658745   0.47462204
981   1.27978820   0.24478034   0.56248517
982   1.43916399   0.21526287   0.71154031
983   1.52186679   0.17688964   0.89578759
984   1.58027542   0.13851698   1.08921371
985   1.66675706   0.10899951   1.26581001
986   1.83369051   0.09719241   1.39956788
987   0.99136058   0.28866088   0.59044270
988   1.25404781   0.27537781   0.65948805
989   1.40172555   0.24217073   0.78563577
990   1.47975146   0.19900106   0.94579882
991   1.53347737   0.15583139   1.11690182
992   1.60826095   0.12262431   1.27585191
993   1.74945985   0.10934124   1.39956788
994   0.99136058   0.25658745   0.70626277
995   1.22831326   0.24478034   0.75649560
996   1.36429294   0.21526287   0.85973122
997   1.43763613   0.17688964   0.99581588
998   1.48667932   0.13851698   1.14458994
999   1.54976484   0.10899951   1.28589381
1000   1.66522919   0.09719241   1.39956788
1001   0.99136058   0.16036715   0.79535693
1002   1.20851520   0.15298793   0.83111589
1003   1.33549100   0.13453929   0.91672863
1004   1.40523613   0.11055595   1.03428650
1005   1.45068127   0.08657319   1.16588670
1006   1.50476874   0.06812455   1.29361476
1007   1.60042920   0.06074533   1.39956788
1008   1.60312920   0.00000000   1.41779142
1009   1.63073568  -0.05891714   1.41818797
1010   1.62850803   0.00000000   1.42872555
1011   1.65602703  -0.05422043   1.42944283
1012   1.64740803   0.00000000   1.43237026
1013   1.67346332  -0.04783665   1.43327997
1014   1.65658686   0.00000000   1.42872555
1015   1.68018708  -0.04094669   1.42962360
1016   1.65280803   0.00000000   1.41779142
1017   1.67335252  -0.03473144   1.41840957
1018   1.63282920   0.00000000   1.39956788
1019   1.65010803  -0.03037237   1.39956788
1020   1.69974021  -0.09422241   1.41916767
1021   1.72482163  -0.08639299   1.43124477
1022   1.73859571  -0.07532416   1.43556010
1023   1.73917886  -0.06263474   1.43187458
1024   1.72471083  -0.04994591   1.41995492
1025   1.69330219  -0.03887708   1.39956788
1026   1.78945251  -0.10594962   1.42045060
1027   1.81425402  -0.09678712   1.43358321
1028   1.82326373  -0.08337284   1.43852252
1029   1.81587518  -0.06722474   1.43480200
1030   1.79147605  -0.04986194   1.42196680
1031   1.74945985  -0.03280237   1.39956788
1032   1.87915898  -0.09413260   1.42172771
1033   1.90368640  -0.08567338   1.43592749
1034   1.90793759  -0.07289416   1.44147911
1035   1.89256567  -0.05687552   1.43772360
1036   1.85824127  -0.03869689   1.42397868
1037   1.80561752  -0.01943825   1.39956788
1038   1.94816934  -0.05880459   1.42271324
1039   1.97248100  -0.05332062   1.43772360
1040   1.97306998  -0.04479958   1.44375924
1041   1.95156329  -0.03374708   1.43997457
1042   1.90959958  -0.02067045   1.42552404
1043   1.84881168  -0.00607471   1.39956788
1044   1.97576998   0.00000000   1.42310395
1045   2.00000000   0.00000000   1.43844671
1046   1.99912527   0.00000000   1.44466896
1047   1.97516350   0.00000000   1.44087263
1048   1.93014407   0.00000000   1.42614218
1049   1.86609051   0.00000000   1.39956788
1050   1.94816934   0.05894513   1.42271324
1051   1.97248100   0.05444552   1.43772360
1052   1.97306998   0.04859591   1.44375924
1053   1.95156329   0.04274689   1.43997457
1054   1.90959958   0.03824669   1.42552404
1055   1.84881168   0.03644708   1.39956788
1056   1.87915898   0.09431221   1.42172771
1057   1.90368640   0.08711319   1.43592749
1058   1.90793759   0.07775358   1.44147911
1059   1.89256567   0.06839455   1.43772360
1060   1.85824127   0.06119494   1.42397868
1061   1.80561752   0.05831533   1.39956788
1062   1.78945251   0.10610124   1.42045060
1063   1.81425402   0.09800241   1.43358321
1064   1.82326373   0.08747299   1.43852252
1065   1.81587518   0.07694358   1.43480200
1066   1.79147605   0.06884474   1.42196680
1067   1.74945985   0.06560474   1.39956788
1068   1.69974021   0.09431221   1.41916767
1069   1.72482163   0.08711319   1.43124477
1070   1.73859571   0.07775358   1.43556010
1071   1.73917886   0.06839455   1.43187458
1072   1.72471083   0.06119494   1.41995492
1073   1.69330219   0.05831533   1.39956788
1074   1.63073568   0.05894513   1.41818797
1075   1.65602703   0.05444552   1.42944283
1076   1.67346332   0.04859591   1.43327997
1077   1.68018708   0.04274689   1.42962360
1078   1.67335252   0.03824669   1.41840957
1079   1.65010803   0.03644708   1.39956788
1080   0.16252715   0.00000000   1.82356697
1081   0.00000000   0.00000000   1.83693285
1082   0.15683674  -0.04378198   1.82356697
1083   0.21166307   0.00000000   1.78833868
1084   0.20425177  -0.05701548   1.78833868
1085   0.18952482   0.00000000   1.73852573
1086   0.18288678  -0.05104282   1.73852573
1087   0.13822891   0.00000000   1.68142336
1088   0.13338348  -0.03720693   1.68142336
1089   0.14070614  -0.08276753   1.82356697
1090   0.18324309  -0.10778655   1.78833868
1091   0.16407134  -0.09650079   1.73852573
1092   0.11965139  -0.07035569   1.68142336
1093   0.11554599  -0.11554599   1.82356697
1094   0.15047512  -0.15047512   1.78833868
1095   0.13472649  -0.13472649   1.73852573
1096   0.09823975  -0.09823975   1.68142336
1097   0.08276753  -0.14070614   1.82356697
1098   0.10778655  -0.18324309   1.78833868
1099   0.09650079  -0.16407134   1.73852573
1100   0.07035569  -0.11965139   1.68142336
1101   0.04378198  -0.15683674   1.82356697
1102   0.05701548  -0.20425177   1.78833868
1103   0.05104282  -0.18288678   1.73852573
1104   0.03720693  -0.13338348   1.68142336
1105   0.00000000  -0.16252715   1.82356697
1106   0.00000000  -0.21166307   1.78833868
1107   0.00000000  -0.18952482   1.73852573
1108   0.00000000  -0.13822891   1.68142336
1109  -0.04378198  -0.15683674   1.82356697
1110  -0.05701548  -0.20425177   1.78833868
1111  -0.05104282  -0.18288678   1.73852573
1112  -0.03720693  -0.13338348   1.68142336
1113  -0.08276753  -0.14070614   1.82356697
1114  -0.10778655  -0.18324309   1.78833868
1115  -0.09650079  -0.16407134   1.73852573
1116  -0.07035569  -0.11965139   1.68142336
1117  -0.11554599  -0.11554599   1.82356697
1118  -0.15047512  -0.15047512   1.78833868
1119  -0.13472649  -0.13472649   1.73852573
1120  -0.09823975  -0.09823975   1.68142336
1121  -0.14070614  -0.08276753   1.82356697
1122  -0.18324309  -0.10778655   1.78833868
1123  -0.16407134  -0.09650079   1.73852573
1124  -0.11965139  -0.07035569   1.68142336
1125  -0.15683674  -0.04378198   1.82356697
1126  -0.20425177  -0.05701548   1.78833868
1127  -0.18288678  -0.05104282   1.73852573
1128  -0.13338348  -0.03720693   1.68142336
1129  -0.16252715   0.00000000   1.82356697
1130  -0.21166307   0.00000000   1.78833868
1131  -0.18952482   0.00000000   1.73852573
1132  -0.13822891   0.00000000   1.68142336
1133  -0.15683674   0.04378198   1.82356697
1134  -0.20425177   0.05701548   1.78833868
1135  -0.18288678   0.05104282   1.73852573
1136  -0.13338348   0.03720693   1.68142336
1137  -0.14070614   0.08276753   1.82356697
1138  -0.18324309   0.10778655   1.78833868
1139  -0.16407134   0.09650079   1.73852573
1140  -0.11965139   0.07035569   1.68142336
1141  -0.11554599   0.11554599   1.82356697
1142  -0.15047512   0.15047512   1.78833868
1143  -0.13472649   0.13472649   1.73852573
1144  -0.09823975   0.09823975   1.68142336
1145  -0.08276753   0.14070614   1.82356697
1146  -0.10778655   0.18324309   1.78833868
1147  -0.09650079   0.16407134   1.73852573
1148  -0.07035569   0.11965139   1.68142336
1149  -0.04378198   0.15683674   1.82356697
1150  -0.05701548   0.20425177   1.78833868
1151  -0.05104282   0.18288678   1.73852573
1152  -0.03720693   0.13338348   1.68142336
1153   0.00000000   0.16252715   1.82356697
1154   0.00000000   0.21166307   1.78833868
1155   0.00000000   0.18952482   1.73852573
1156   0.00000000   0.13822891   1.68142336
1157   0.04378198   0.15683674   1.82356697
1158   0.05701548   0.20425177   1.78833868
1159   0.05104282   0.18288678   1.73852573
1160   0.03720693   0.13338348   1.68142336
1161   0.08276753   0.14070614   1.82356697
1162   0.10778655   0.18324309   1.78833868
1163   0.09650079   0.16407134   1.73852573
1164   0.07035569   0.11965139   1.68142336
1165   0.11554599   0.11554599   1.82356697
1166   0.15047512   0.15047512   1.78833868
1167   0.13472649   0.13472649   1.73852573
1168   0.09823975   0.09823975   1.68142336
1169   0.14070614   0.08276753   1.82356697
1170   0.18324309   0.10778655   1.78833868
1171   0.16407134   0.09650079   1.73852573
1172   0.11965139   0.07035569   1.68142336
1173   0.15683674   0.04378198   1.82356697
1174   0.20425177   0.05701548   1.78833868
1175   0.18288678   0.05104282   1.73852573
1176   0.13338348   0.03720693   1.68142336
2256
0 0 1 2
1 0 2 3
2 4 0 3
3 4 3 5
4 6 4 5
5 6 5 7
6 8 6 7
7 8 7 9
8 10 8 9
9 10 9 11
10 12 10 11
11 12 11 13
12 3 2 14
13 3 14 15
14 5 3 15
15 5 15 16
16 7 5 16
17 7 16 17
18 9 7 17
19 9 17 18
20 11 9 18
21 11 18 19
22 13 11 19
23 13 19 20
24 15 14 21
25 15 21 22
26 16 15 22
27 16 22 23
28 17 16 23
29 17 23 24
30 18 17 24
31 18 24 25
32 19 18 25
33 19 25 26
34 20 19 26
35 20 26 27
36 22 21 28
37 22 28 29
38 23 22 29
39 23 29 30
40 24 23 30
41 24 30 31
42 25 24 31
43 25 31 32
44 26 25 32
45 26 32 33
46 27 26 33
47 27 33 34
48 29 28 35
49 29 35 36
50 30 29 36
51 30 36 37
52 31 30 37
53 31 37 38
54 32 31 38
55 32 38 39
56 33 32 39
57 33 39 40
58 34 33 40
59 34 40 41
60 36 35 42
61 36 42 43
62 37 36 43
63 37 43 44
64 38 37 44
65 38 44 45
66 39 38 45
67 39 45 46
68 40 39 46
69 40 46 47
70 41 40 47
71 41 47 48
72 43 42 49
73 43 49 50
74 44 43 50
75 44 50 51
76 45 44 51
77 45 51 52
78 46 45 52
79 46 52 53
80 47 46 53
81 47 53 54
82 48 47 54
83 48 54 55
84 50 49 56
85 50 56 57
86 51 50 57
87 51 57 58
88 52 51 58
89 52 58 59
90 53 52 59
91 53 59 60
92 54 53 60
93 54 60 61
94 55 54 61
95 55 61 62
96 57 56 63
97 57 63 64
98 58 57 64
99 58 64 65
100 59 58 65
101 59 65 66
102 60 59 66
103 60 66 67
104 61 60 67
105 61 67 68
106 62 61 68
107 62 68 69
108 64 63 70
109 64 70 71
110 65 64 71
111 65 71 72
112 66 65 72
113 66 72 73
114 67 66 73
115 67 73 74
116 68 67 74
117 68 74 75
118 69 68 75
119 69 75 76
120 71 70 77
121 71 77 78
122 72 71 78
123 72 78 79
124 73 72 79
125 73 79 80
126 74 73 80
127 74 80 81
128 75 74 81
129 75 81 82
130 76 75 82
131 76 82 83
132 78 77 84
133 78 84 85
134 79 78 85
135 79 85 86
136 80 79 86
137 80 86 87
138 81 80 87
139 81 87 88
140 82 81 88
141 82 88 89
142 83 82 89
143 83 89 90
144 85 84 91
145 85 91 92
146 86 85 92
147 86 92 93
148 87 86 93
149 87 93 94
150 88 87 94
151 88 94 95
152 89 88 95
153 89 95 96
154 90 89 96
155 90 96 97
156 92 91 98
157 92 98 99
158 93 92 99
159 93 99 100
160 94 93 100
161 94 100 101
162 95 94 101
163 95 101 102
164 96 95 102
165 96 102 103
166 97 96 103
167 97 103 104
168 99 98 105
169 99 105 106
170 100 99 106
171 100 106 107
172 101 100 107
173 101 107 108
174 102 101 108
175 102 108 109
176 103 102 109
177 103 109 110
178 104 103 110
179 104 110 111
180 106 105 112
181 106 112 113
182 107 106 113
183 107 113 114
184 108 107 114
185 108 114 115
186 109 108 115
187 109 115 116
188 110 109 116
189 110 116 117
190 111 110 117
191 111 117 118
192 113 112 119
193 113 119 120
194 114 113 120
195 114 120 121
196 115 114 121
197 115 121 122
198 116 115 122
199 116 122 123
200 117 116 123
201 117 123 124
202 118 117 124
203 118 124 125
204 120 119 126
205 120 126 127
206 121 120 127
207 121 127 128
208 122 121 128
209 122 128 129
210 123 122 129
211 123 129 130
212 124 123 130
213 124 130 131
214 125 124 131
215 125 131 132
216 127 126 133
217 127 133 134
218 128 127 134
219 128 134 135
220 129 128 135
221 129 135 136
222 130 129 136
223 130 136 137
224 131 130 137
225 131 137 138
226 132 131 138
227 132 138 139
228 134 133 140
229 134 140 141
230 135 134 141
231 135 141 142
232 136 135 142
233 136 142 143
234 137 136 143
235 137 143 144
236 138 137 144
237 138 144 145
238 139 138 145
239 139 145 146
240 141 140 147
241 141 147 148
242 142 141 148
243 142 148 149
244 143 142 149
245 143 149 150
246 144 143 150
247 144 150 151
248 145 144 151
249 145 151 152
250 146 145 152
251 146 152 153
252 148 147 154
253 148 154 155
254 149 148 155
255 149 155 156
256 150 149 156
257 150 156 157
258 151 150 157
259 151 157 158
260 152 151 158
261 152 158 159
262 153 152 159
263 153 159 160
264 155 154 161
265 155 161 162
266 156 155 162
267 156 162 163
268 157 156 163
269 157 163 164
270 158 157 164
271 158 164 165
272 159 158 165
273 159 165 166
274 160 159 166
275 160 166 167
276 162 161 1
277 162 1 0
278 163 162 0
279 163 0 4
280 164 163 4
281 164 4 6
282 165 164 6
283 165 6 8
284 166 165 8
285 166 8 10
286 167 166 10
287 167 10 12
288 168 12 13
289 168 13 169
290 170 168 169
291 170 169 171
292 172 170 171
293 172 171 173
294 174 172 173
295 174 173 175
296 176 174 175
297 176 175 177
298 178 176 177
299 178 177 179
300 169 13 20
301 169 20 180
302 171 169 180
303 171 180 181
304 173 171 181
305 173 181 182
306 175 173 182
307 175 182 183
308 177 175 183
309 177 183 184
310 179 177 184
311 179 184 185
312 180 20 27
313 180 27 186
314 181 180 186
315 181 186 187
316 182 181 187
317 182 187 188
318 183 182 188
319 183 188 189
320 184 183 189
321 184 189 190
322 185 184 190
323 185 190 191
324 186 27 34
325 186 34 192
326 187 186 192
327 187 192 193
328 188 187 193
329 188 193 194
330 189 188 194
331 189 194 195
332 190 189 195
333 190 195 196
334 191 190 196
335 191 196 197
336 192 34 41
337 192 41 198
338 193 192 198
339 193 198 199
340 194 193 199
341 194 199 200
342 195 194 200
343 195 200 201
344 196 195 201
345 196 201 202
346 197 196 202
347 197 202 203
348 198 41 48
349 198 48 204
350 199 198 204
351 199 204 205
352 200 199 205
353 200 205 206
354 201 200 206
355 201 206 207
356 202 201 207
357 202 207 208
358 203 202 208
359 203 208 209
360 204 48 55
361 204 55 210
362 205 204 210
363 205 210 211
364 206 205 211
365 206 211 212
366 207 206 212
367 207 212 213
368 208 207 213
369 208 213 214
370 209 208 214
371 209 214 215
372 210 55 62
373 210 62 216
374 211 210 216
375 211 216 217
376 212 211 217
377 212 217 218
378 213 212 218
379 213 218 219
380 214 213 219
381 214 219 220
382 215 214 220
383 215 220 221
384 216 62 69
385 216 69 222
386 217 216 222
387 217 222 223
388 218 217 223
389 218 223 224
390 219 218 224
391 219 224 225
392 220 219 225
393 220 225 226
394 221 220 226
395 221 226 227
396 222 69 76
397 222 76 228
398 223 222 228
399 223 228 229
400 224 223 229
401 224 229 230
402 225 224 230
403 225 230 231
404 226 225 231
405 226 231 232
406 227 226 232
407 227 232 233
408 228 76 83
409 228 83 234
410 229 228 234
411 229 234 235
412 230 229 235
413 230 235 236
414 231 230 236
415 231 236 237
416 232 231 237
417 232 237 238
418 233 232 238
419 233 238 239
420 234 83 90
421 234 90 240
422 235 234 240
423 235 240 241
424 236 235 241
425 236 241 242
426 237 236 242
427 237 242 243
428 238 237 243
429 238 243 244
430 239 238 244
431 239 244 245
432 240 90 97
433 240 97 246
434 241 240 246
435 241 246 247
436 242 241 247
437 242 247 248
438 243 242 248
439 243 248 249
440 244 243 249
441 244 249 250
442 245 244 250
443 245 250 251
444 246 97 104
445 246 104 252
446 247 246 252
447 247 252 253
448 248 247 253
449 248 253 254
450 249 248 254
451 249 254 255
452 250 249 255
453 250 255 256
454 251 250 256
455 251 256 257
456 252 104 111
457 252 111 258
458 253 252 258
459 253 258 259
460 254 253 259
461 254 259 260
462 255 254 260
463 255 260 261
464 256 255 261
465 256 261 262
466 257 256 262
467 257 262 263
468 258 111 118
469 258 118 264
470 259 258 264
471 259 264 265
472 260 259 265
473 260 265 266
474 261 260 266
475 261 266 267
476 262 261 267
477 262 267 268
478 263 262 268
479 263 268 269
480 264 118 125
481 264 125 270
482 265 264 270
483 265 270 271
484 266 265 271
485 266 271 272
486 267 266 272
487 267 272 273
488 268 267 273
489 268 273 274
490 269 268 274
491 269 274 275
492 270 125 132
493 270 132 276
494 271 270 276
495 271 276 277
496 272 271 277
497 272 277 278
498 273 272 278
499 273 278 279
500 274 273 279
501 274 279 280
502 275 274 280
503 275 280 281
504 276 132 139
505 276 139 282
506 277 276 282
507 277 282 283
508 278 277 283
509 278 283 284
510 279 278 284
511 279 284 285
512 280 279 285
513 280 285 286
514 281 280 286
515 281 286 287
516 282 139 146
517 282 146 288
518 283 282 288
519 283 288 289
520 284 283 289
521 284 289 290
522 285 284 290
523 285 290 291
524 286 285 291
525 286 291 292
526 287 286 292
527 287 292 293
528 288 146 153
529 288 153 294
530 289 288 294
531 289 294 295
532 290 289 295
533 290 295 296
534 291 290 296
535 291 296 297
536 292 291 297
537 292 297 298
538 293 292 298
539 293 298 299
540 294 153 160
541 294 160 300
542 295 294 300
543 295 300 301
544 296 295 301
545 296 301 302
546 297 296 302
547 297 302 303
548 298 297 303
549 298 303 304
550 299 298 304
551 299 304 305
552 300 160 167
553 300 167 306
554 301 300 306
555 301 306 307
556 302 301 307
557 302 307 308
558 303 302 308
559 303 308 309
560 304 303 309
561 304 309 310
562 305 304 310
563 305 310 311
564 306 167 12
565 306 12 168
566 307 306 168
567 307 168 170
568 308 307 170
569 308 170 172
570 309 308 172
571 309 172 174
572 310 309 174
573 310 174 176
574 311 310 176
575 311 176 178
576 312 178 179
577 312 179 313
578 314 312 313
579 314 313 315
580 316 314 315
581 316 315 317
582 318 316 317
583 318 317 319
584 320 318 319
585 320 319 321
586 322 320 321
587 322 321 323
588 313 179 185
589 313 185 324
590 315 313 324
591 315 324 325
592 317 315 325
593 317 325 326
594 319 317 326
595 319 326 327
596 321 319 327
597 321 327 328
598 323 321 328
599 323 328 329
600 324 185 191
601 324 191 330
602 325 324 330
603 325 330 331
604 326 325 331
605 326 331 332
606 327 326 332
607 327 332 333
608 328 327 333
609 328 333 334
610 329 328 334
611 329 334 335
612 330 191 197
613 330 197 336
614 331 330 336
615 331 336 337
616 332 331 337
617 332 337 338
618 333 332 338
619 333 338 339
620 334 333 339
621 334 339 340
622 335 334 340
623 335 340 341
624 336 197 203
625 336 203 342
626 337 336 342
627 337 342 343
628 338 337 343
629 338 343 344
630 339 338 344
631 339 344 345
632 340 339 345
633 340 345 346
634 341 340 346
635 341 346 347
636 342 203 209
637 342 209 348
638 343 342 348
639 343 348 349
640 344 343 349
641 344 349 350
642 345 344 350
643 345 350 351
644 346 345 351
645 346 351 352
646 347 346 352
647 347 352 353
648 348 209 215
649 348 215 354
650 349 348 354
651 349 354 355
652 350 349 355
653 350 355 356
654 351 350 356
655 351 356 357
656 352 351 357
657 352 357 358
658 353 352 358
659 353 358 359
660 354 215 221
661 354 221 360
662 355 354 360
663 355 360 361
664 356 355 361
665 356 361 362
666 357 356 362
667 357 362 363
668 358 357 363
669 358 363 364
670 359 358 364
671 359 364 365
672 360 221 227
673 360 227 366
674 361 360 366
675 361 366 367
676 362 361 367
677 362 367 368
678 363 362 368
679 363 368 369
680 364 363 369
681 364 369 370
682 365 364 370
683 365 370 371
684 366 227 233
685 366 233 372
686 367 366 372
687 367 372 373
688 368 367 373
689 368 373 374
690 369 368 374
691 369 374 375
692 370 369 375
693 370 375 376
694 371 370 376
695 371 376 377
696 372 233 239
697 372 239 378
698 373 372 378
699 373 378 379
700 374 373 379
701 374 379 380
702 375 374 380
703 375 380 381
704 376 375 381
705 376 381 382
706 377 376 382
707 377 382 383
708 378 239 245
709 378 245 384
710 379 378 384
711 379 384 385
712 380 379 385
713 380 385 386
714 381 380 386
715 381 386 387
716 382 381 387
717 382 387 388
718 383 382 388
719 383 388 389
720 384 245 251
721 384 251 390
722 385 384 390
723 385 390 391
724 386 385 391
725 386 391 392
726 387 386 392
727 387 392 393
728 388 387 393
729 388 393 394
730 389 388 394
731 389 394 395
732 390 251 257
733 390 257 396
734 391 390 396
735 391 396 397
736 392 391 397
737 392 397 398
738 393 392 398
739 393 398 399
740 394 393 399
741 394 399 400
742 395 394 400
743 395 400 401
744 396 257 263
745 396 263 402
746 397 396 402
747 397 402 403
748 398 397 403
749 398 403 404
750 399 398 404
751 399 404 405
752 400 399 405
753 400 405 406
754 401 400 406
755 401 406 407
756 402 263 269
757 402 269 408
758 403 402 408
759 403 408 409
760 404 403 409
761 404 409 410
762 405 404 410
763 405 410 411
764 406 405 411
765 406 411 412
766 407 406 412
767 407 412 413
768 408 269 275
769 408 275 414
770 409 408 414
771 409 414 415
772 410 409 415
773 410 415 416
774 411 410 416
775 411 416 417
776 412 411 417
777 412 417 418
778 413 412 418
779 413 418 419
780 414 275 281
781 414 281 420
782 415 414 420
783 415 420 421
784 416 415 421
785 416 421 422
786 417 416 422
787 417 422 423
788 418 417 423
789 418 423 424
790 419 418 424
791 419 424 425
792 420 281 287
793 420 287 426
794 421 420 426
795 421 426 427
796 422 421 427
797 422 427 428
798 423 422 428
799 423 428 429
800 424 423 429
801 424 429 430
802 425 424 430
803 425 430 431
804 426 287 293
805 426 293 432
806 427 426 432
807 427 432 433
808 428 427 433
809 428 433 434
810 429 428 434
811 429 434 435
812 430 429 435
813 430 435 436
814 431 430 436
815 431 436 437
816 432 293 299
817 432 299 438
818 433 432 438
819 433 438 439
820 434 433 439
821 434 439 440
822 435 434 440
823 435 440 441
824 436 435 441
825 436 441 442
826 437 436 442
827 437 442 443
828 438 299 305
829 438 305 444
830 439 438 444
831 439 444 445
832 440 439 445
833 440 445 446
834 441 440 446
835 441 446 447
836 442 441 447
837 442 447 448
838 443 442 448
839 443 448 449
840 444 305 311
841 444 311 450
842 445 444 450
843 445 450 451
844 446 445 451
845 446 451 452
846 447 446 452
847 447 452 453
848 448 447 453
849 448 453 454
850 449 448 454
851 449 454 455
852 450 311 178
853 450 178 312
854 451 450 312
855 451 312 314
856 452 451 314
857 452 314 316
858 453 452 316
859 453 316 318
860 454 453 318
861 454 318 320
862 455 454 320
863 455 320 322
864 456 457 458
865 459 456 458
866 459 458 460
867 461 459 460
868 461 460 462
869 463 461 462
870 463 462 464
871 465 463 464
872 465 464 466
873 322 465 466
874 322 466 455
875 458 457 467
876 460 458 467
877 460 467 468
878 462 460 468
879 462 468 469
880 464 462 469
881 464 469 470
882 466 464 470
883 466 470 471
884 455 466 471
885 455 471 449
886 467 457 472
887 468 467 472
888 468 472 473
889 469 468 473
890 469 473 474
891 470 469 474
892 470 474 475
893 471 470 475
894 471 475 476
895 449 471 476
896 449 476 443
897 472 457 477
898 473 472 477
899 473 477 478
900 474 473 478
901 474 478 479
902 475 474 479
903 475 479 480
904 476 475 480
905 476 480 481
906 443 476 481
907 443 481 437
908 477 457 482
909 478 477 482
910 478 482 483
911 479 478 483
912 479 483 484
913 480 479 484
914 480 484 485
915 481 480 485
916 481 485 486
917 437 481 486
918 437 486 431
919 482 457 487
920 483 482 487
921 483 487 488
922 484 483 488
923 484 488 489
924 485 484 489
925 485 489 490
926 486 485 490
927 486 490 491
928 431 486 491
929 431 491 425
930 487 457 492
931 488 487 492
932 488 492 493
933 489 488 493
934 489 493 494
935 490 489 494
936 490 494 495
937 491 490 495
938 491 495 496
939 425 491 496
940 425 496 419
941 492 457 497
942 493 492 497
943 493 497 498
944 494 493 498
945 494 498 499
946 495 494 499
947 495 499 500
948 496 495 500
949 496 500 501
950 419 496 501
951 419 501 413
952 497 457 502
953 498 497 502
954 498 502 503
955 499 498 503
956 499 503 504
957 500 499 504
958 500 504 505
959 501 500 505
960 501 505 506
961 413 501 506
962 413 506 407
963 502 457 507
964 503 502 507
965 503 507 508
966 504 503 508
967 504 508 509
968 505 504 509
969 505 509 510
970 506 505 510
971 506 510 511
972 407 506 511
973 407 511 401
974 507 457 512
975 508 507 512
976 508 512 513
977 509 508 513
978 509 513 514
979 510 509 514
980 510 514 515
981 511 510 515
982 511 515 516
983 401 511 516
984 401 516 395
985 512 457 517
986 513 512 517
987 513 517 518
988 514 513 518
989 514 518 519
990 515 514 519
991 515 519 520
992 516 515 520
993 516 520 521
994 395 516 521
995 395 521 389
996 517 457 522
997 518 517 522
998 518 522 523
999 519 518 523
1000 519 523 524
1001 520 519 524
1002 520 524 525
1003 521 520 525
1004 521 525 526
1005 389 521 526
1006 389 526 383
1007 522 457 527
1008 523 522 527
1009 523 527 528
1010 524 523 528
1011 524 528 529
1012 525 524 529
1013 525 529 530
1014 526 525 530
1015 526 530 531
1016 383 526 531
1017 383 531 377
1018 527 457 532
1019 528 527 532
1020 528 532 533
1021 529 528 533
1022 529 533 534
1023 530 529 534
1024 530 534 535
1025 531 530 535
1026 531 535 536
1027 377 531 536
1028 377 536 371
1029 532 457 537
1030 533 532 537
1031 533 537 538
1032 534 533 538
1033 534 538 539
1034 535 534 539
1035 535 539 540
1036 536 535 540
1037 536 540 541
1038 371 536 541
1039 371 541 365
1040 537 457 542
1041 538 537 542
1042 538 542 543
1043 539 538 543
1044 539 543 544
1045 540 539 544
1046 540 544 545
1047 541 540 545
1048 541 545 546
1049 365 541 546
1050 365 546 359
1051 542 457 547
1052 543 542 547
1053 543 547 548
1054 544 543 548
1055 544 548 549
1056 545 544 549
1057 545 549 550
1058 546 545 550
1059 546 550 551
1060 359 546 551
1061 359 551 353
1062 547 457 552
1063 548 547 552
1064 548 552 553
1065 549 548 553
1066 549 553 554
1067 550 549 554
1068 550 554 555
1069 551 550 555
1070 551 555 556
1071 353 551 556
1072 353 556 347
1073 552 457 557
1074 553 552 557
1075 553 557 558
1076 554 553 558
1077 554 558 559
1078 555 554 559
1079 555 559 560
1080 556 555 560
1081 556 560 561
1082 347 556 561
1083 347 561 341
1084 557 457 562
1085 558 557 562
1086 558 562 563
1087 559 558 563
1088 559 563 564
1089 560 559 564
1090 560 564 565
1091 561 560 565
1092 561 565 566
1093 341 561 566
1094 341 566 335
1095 562 457 567
1096 563 562 567
1097 563 567 568
1098 564 563 568
1099 564 568 569
1100 565 564 569
1101 565 569 570
1102 566 565 570
1103 566 570 571
1104 335 566 571
1105 335 571 329
1106 567 457 572
1107 568 567 572
1108 568 572 573
1109 569 568 573
1110 569 573 574
1111 570 569 574
1112 570 574 575
1113 571 570 575
1114 571 575 576
1115 329 571 576
1116 329 576 323
1117 572 457 456
1118 573 572 456
1119 573 456 459
1120 574 573 459
1121 574 459 461
1122 575 574 461
1123 575 461 463
1124 576 575 463
1125 576 463 465
1126 323 576 465
1127 323 465 322
1128 577 578 579
1129 577 579 580
1130 580 579 581
1131 580 581 582
1132 582 581 583
1133 582 583 584
1134 584 583 585
1135 584 585 586
1136 586 585 587
1137 586 587 588
1138 588 587 589
1139 588 589 590
1140 590 589 591
1141 590 591 592
1142 592 591 593
1143 592 593 594
1144 594 593 595
1145 594 595 596
1146 596 595 597
1147 596 597 598
1148 598 597 599
1149 598 599 600
1150 600 599 601
1151 600 601 602
1152 602 601 603
1153 602 603 604
1154 604 603 605
1155 604 605 606
1156 606 605 607
1157 606 607 608
1158 608 607 609
1159 608 609 610
1160 610 609 611
1161 610 611 612
1162 612 611 613
1163 612 613 614
1164 614 613 615
1165 614 615 616
1166 616 615 617
1167 616 617 618
1168 618 617 619
1169 618 619 620
1170 620 619 621
1171 620 621 622
1172 622 621 623
1173 622 623 624
1174 624 623 578
1175 624 578 577
1176 625 577 580
1177 625 580 626
1178 627 625 626
1179 627 626 628
1180 629 627 628
1181 629 628 630
1182 631 629 630
1183 631 630 632
1184 633 631 632
1185 633 632 634
1186 635 633 634
1187 635 634 636
1188 626 580 582
1189 626 582 637
1190 628 626 637
1191 628 637 638
1192 630 628 638
1193 630 638 639
1194 632 630 639
1195 632 639 640
1196 634 632 640
1197 634 640 641
1198 636 634 641
1199 636 641 642
1200 637 582 584
1201 637 584 643
1202 638 637 643
1203 638 643 644
1204 639 638 644
1205 639 644 645
1206 640 639 645
1207 640 645 646
1208 641 640 646
1209 641 646 647
1210 642 641 647
1211 642 647 648
1212 643 584 586
1213 643 586 649
1214 644 643 649
1215 644 649 650
1216 645 644 650
1217 645 650 651
1218 646 645 651
1219 646 651 652
1220 647 646 652
1221 647 652 653
1222 648 647 653
1223 648 653 654
1224 649 586 588
1225 649 588 655
1226 650 649 655
1227 650 655 656
1228 651 650 656
1229 651 656 657
1230 652 651 657
1231 652 657 658
1232 653 652 658
1233 653 658 659
1234 654 653 659
1235 654 659 660
1236 655 588 590
1237 655 590 661
1238 656 655 661
1239 656 661 662
1240 657 656 662
1241 657 662 663
1242 658 657 663
1243 658 663 664
1244 659 658 664
1245 659 664 665
1246 660 659 665
1247 660 665 666
1248 661 590 592
1249 661 592 667
1250 662 661 667
1251 662 667 668
1252 663 662 668
1253 663 668 669
1254 664 663 669
1255 664 669 670
1256 665 664 670
1257 665 670 671
1258 666 665 671
1259 666 671 672
1260 667 592 594
1261 667 594 673
1262 668 667 673
1263 668 673 674
1264 669 668 674
1265 669 674 675
1266 670 669 675
1267 670 675 676
1268 671 670 676
1269 671 676 677
1270 672 671 677
1271 672 677 678
1272 673 594 596
1273 673 596 679
1274 674 673 679
1275 674 679 680
1276 675 674 680
1277 675 680 681
1278 676 675 681
1279 676 681 682
1280 677 676 682
1281 677 682 683
1282 678 677 683
1283 678 683 684
1284 679 596 598
1285 679 598 685
1286 680 679 685
1287 680 685 686
1288 681 680 686
1289 681 686 687
1290 682 681 687
1291 682 687 688
1292 683 682 688
1293 683 688 689
1294 684 683 689
1295 684 689 690
1296 685 598 600
1297 685 600 691
1298 686 685 691
1299 686 691 692
1300 687 686 692
1301 687 692 693
1302 688 687 693
1303 688 693 694
1304 689 688 694
1305 689 694 695
1306 690 689 695
1307 690 695 696
1308 691 600 602
1309 691 602 697
1310 692 691 697
1311 692 697 698
1312 693 692 698
1313 693 698 699
1314 694 693 699
1315 694 699 700
1316 695 694 700
1317 695 700 701
1318 696 695 701
1319 696 701 702
1320 697 602 604
1321 697 604 703
1322 698 697 703
1323 698 703 704
1324 699 698 704
1325 699 704 705
1326 700 699 705
1327 700 705 706
1328 701 700 706
1329 701 706 707
1330 702 701 707
1331 702 707 708
1332 703 604 606
1333 703 606 709
1334 704 703 709
1335 704 709 710
1336 705 704 710
1337 705 710 711
1338 706 705 711
1339 706 711 712
1340 707 706 712
1341 707 712 713
1342 708 707 713
1343 708 713 714
1344 709 606 608
1345 709 608 715
1346 710 709 715
1347 710 715 716
1348 711 710 716
1349 711 716 717
1350 712 711 717
1351 712 717 718
1352 713 712 718
1353 713 718 719
1354 714 713 719
1355 714 719 720
1356 715 608 610
1357 715 610 721
1358 716 715 721
1359 716 721 722
1360 717 716 722
1361 717 722 723
1362 718 717 723
1363 718 723 724
1364 719 718 724
1365 719 724 725
1366 720 719 725
1367 720 725 726
1368 721 610 612
1369 721 612 727
1370 722 721 727
1371 722 727 728
1372 723 722 728
1373 723 728 729
1374 724 723 729
1375 724 729 730
1376 725 724 730
1377 725 730 731
1378 726 725 731
1379 726 731 732
1380 727 612 614
1381 727 614 733
1382 728 727 733
1383 728 733 734
1384 729 728 734
1385 729 734 735
1386 730 729 735
1387 730 735 736
1388 731 730 736
1389 731 736 737
1390 732 731 737
1391 732 737 738
1392 733 614 616
1393 733 616 739
1394 734 733 739
1395 734 739 740
1396 735 734 740
1397 735 740 741
1398 736 735 741
1399 736 741 742
1400 737 736 742
1401 737 742 743
1402 738 737 743
1403 738 743 744
1404 739 616 618
1405 739 618 745
1406 740 739 745
1407 740 745 746
1408 741 740 746
1409 741 746 747
1410 742 741 747
1411 742 747 748
1412 743 742 748
1413 743 748 749
1414 744 743 749
1415 744 749 750
1416 745 618 620
1417 745 620 751
1418 746 745 751
1419 746 751 752
1420 747 746 752
1421 747 752 753
1422 748 747 753
1423 748 753 754
1424 749 748 754
1425 749 754 755
1426 750 749 755
1427 750 755 756
1428 751 620 622
1429 751 622 757
1430 752 751 757
1431 752 757 758
1432 753 752 758
1433 753 758 759
1434 754 753 759
1435 754 759 760
1436 755 754 760
1437 755 760 761
1438 756 755 761
1439 756 761 762
1440 757 622 624
1441 757 624 763
1442 758 757 763
1443 758 763 764
1444 759 758 764
1445 759 764 765
1446 760 759 765
1447 760 765 766
1448 761 760 766
1449 761 766 767
1450 762 761 767
1451 762 767 768
1452 763 624 577
1453 763 577 625
1454 764 763 625
1455 764 625 627
1456 765 764 627
1457 765 627 629
1458 766 765 629
1459 766 629 631
1460 767 766 631
1461 767 631 633
1462 768 767 633
1463 768 633 635
1464 769 770 771
1465 769 771 772
1466 773 769 772
1467 773 772 774
1468 775 773 774
1469 775 774 776
1470 777 775 776
1471 777 776 778
1472 779 777 778
1473 779 778 780
1474 781 779 780
1475 781 780 782
1476 772 771 783
1477 772 783 784
1478 774 772 784
1479 774 784 785
1480 776 774 785
1481 776 785 786
1482 778 776 786
1483 778 786 787
1484 780 778 787
1485 780 787 788
1486 782 780 788
1487 782 788 789
1488 784 783 790
1489 784 790 791
1490 785 784 791
1491 785 791 792
1492 786 785 792
1493 786 792 793
1494 787 786 793
1495 787 793 794
1496 788 787 794
1497 788 794 795
1498 789 788 795
1499 789 795 796
1500 791 790 797
1501 791 797 798
1502 792 791 798
1503 792 798 799
1504 793 792 799
1505 793 799 800
1506 794 793 800
1507 794 800 801
1508 795 794 801
1509 795 801 802
1510 796 795 802
1511 796 802 803
1512 798 797 804
1513 798 804 805
1514 799 798 805
1515 799 805 806
1516 800 799 806
1517 800 806 807
1518 801 800 807
1519 801 807 808
1520 802 801 808
1521 802 808 809
1522 803 802 809
1523 803 809 810
1524 805 804 811
1525 805 811 812
1526 806 805 812
1527 806 812 813
1528 807 806 813
1529 807 813 814
1530 808 807 814
1531 808 814 815
1532 809 808 815
1533 809 815 816
1534 810 809 816
1535 810 816 817
1536 812 811 818
1537 812 818 819
1538 813 812 819
1539 813 819 820
1540 814 813 820
1541 814 820 821
1542 815 814 821
1543 815 821 822
1544 816 815 822
1545 816 822 823
1546 817 816 823
1547 817 823 824
1548 819 818 825
1549 819 825 826
1550 820 819 826
1551 820 826 827
1552 821 820 827
1553 821 827 828
1554 822 821 828
1555 822 828 829
1556 823 822 829
1557 823 829 830
1558 824 823 830
1559 824 830 831
1560 826 825 832
1561 826 832 833
1562 827 826 833
1563 827 833 834
1564 828 827 834
1565 828 834 835
1566 829 828 835
1567 829 835 836
1568 830 829 836
1569 830 836 837
1570 831 830 837
1571 831 837 838
1572 833 832 839
1573 833 839 840
1574 834 833 840
1575 834 840 841
1576 835 834 841
1577 835 841 842
1578 836 835 842
1579 836 842 843
1580 837 836 843
1581 837 843 844
1582 838 837 844
1583 838 844 845
1584 840 839 846
1585 840 846 847
1586 841 840 847
1587 841 847 848
1588 842 841 848
1589 842 848 849
1590 843 842 849
1591 843 849 850
1592 844 843 850
1593 844 850 851
1594 845 844 851
1595 845 851 852
1596 847 846 770
1597 847 770 769
1598 848 847 769
1599 848 769 773
1600 849 848 773
1601 849 773 775
1602 850 849 775
1603 850 775 777
1604 851 850 777
1605 851 777 779
1606 852 851 779
1607 852 779 781
1608 853 781 782
1609 853 782 854
1610 855 853 854
1611 855 854 856
1612 857 855 856
1613 857 856 858
1614 859 857 858
1615 859 858 860
1616 861 859 860
1617 861 860 862
1618 245 861 862
1619 245 862 863
1620 854 782 789
1621 854 789 864
1622 856 854 864
1623 856 864 865
1624 858 856 865
1625 858 865 866
1626 860 858 866
1627 860 866 867
1628 862 860 867
1629 862 867 868
1630 863 862 868
1631 863 868 869
1632 864 789 796
1633 864 796 870
1634 865 864 870
1635 865 870 871
1636 866 865 871
1637 866 871 872
1638 867 866 872
1639 867 872 873
1640 868 867 873
1641 868 873 874
1642 869 868 874
1643 869 874 875
1644 870 796 803
1645 870 803 876
1646 871 870 876
1647 871 876 877
1648 872 871 877
1649 872 877 878
1650 873 872 878
1651 873 878 879
1652 874 873 879
1653 874 879 880
1654 875 874 880
1655 875 880 881
1656 876 803 810
1657 876 810 882
1658 877 876 882
1659 877 882 883
1660 878 877 883
1661 878 883 884
1662 879 878 884
1663 879 884 885
1664 880 879 885
1665 880 885 886
1666 881 880 886
1667 881 886 887
1668 882 810 817
1669 882 817 888
1670 883 882 888
1671 883 888 889
1672 884 883 889
1673 884 889 890
1674 885 884 890
1675 885 890 891
1676 886 885 891
1677 886 891 892
1678 887 886 892
1679 887 892 893
1680 888 817 824
1681 888 824 894
1682 889 888 894
1683 889 894 895
1684 890 889 895
1685 890 895 896
1686 891 890 896
1687 891 896 897
1688 892 891 897
1689 892 897 898
1690 893 892 898
1691 893 898 899
1692 894 824 831
1693 894 831 900
1694 895 894 900
1695 895 900 901
1696 896 895 901
1697 896 901 902
1698 897 896 902
1699 897 902 903
1700 898 897 903
1701 898 903 904
1702 899 898 904
1703 899 904 905
1704 900 831 838
1705 900 838 906
1706 901 900 906
1707 901 906 907
1708 902 901 907
1709 902 907 908
1710 903 902 908
1711 903 908 909
1712 904 903 909
1713 904 909 910
1714 905 904 910
1715 905 910 911
1716 906 838 845
1717 906 845 912
1718 907 906 912
1719 907 912 913
1720 908 907 913
1721 908 913 914
1722 909 908 914
1723 909 914 915
1724 910 909 915
1725 910 915 916
1726 911 910 916
1727 911 916 917
1728 912 845 852
1729 912 852 918
1730 913 912 918
1731 913 918 919
1732 914 913 919
1733 914 919 920
1734 915 914 920
1735 915 920 921
1736 916 915 921
1737 916 921 922
1738 917 916 922
1739 917 922 923
1740 918 852 781
1741 918 781 853
1742 919 918 853
1743 919 853 855
1744 920 919 855
1745 920 855 857
1746 921 920 857
1747 921 857 859
1748 922 921 859
1749 922 859 861
1750 923 922 861
1751 923 861 245
1752 924 925 926
1753 924 926 927
1754 928 924 927
1755 928 927 929
1756 930 928 929
1757 930 929 931
1758 932 930 931
1759 932 931 933
1760 934 932 933
1761 934 933 935
1762 936 934 935
1763 936 935 937
1764 927 926 938
1765 927 938 939
1766 929 927 939
1767 929 939 940
1768 931 929 940
1769 931 940 941
1770 933 931 941
1771 933 941 942
1772 935 933 942
1773 935 942 943
1774 937 935 943
1775 937 943 944
1776 939 938 945
1777 939 945 946
1778 940 939 946
1779 940 946 947
1780 941 940 947
1781 941 947 948
1782 942 941 948
1783 942 948 949
1784 943 942 949
1785 943 949 950
1786 944 943 950
1787 944 950 951
1788 946 945 952
1789 946 952 953
1790 947 946 953
1791 947 953 954
1792 948 947 954
1793 948 954 955
1794 949 948 955
1795 949 955 956
1796 950 949 956
1797 950 956 957
1798 951 950 957
1799 951 957 958
1800 953 952 959
1801 953 959 960
1802 954 953 960
1803 954 960 961
1804 955 954 961
1805 955 961 962
1806 956 955 962
1807 956 962 963
1808 957 956 963
1809 957 963 964
1810 958 957 964
1811 958 964 965
1812 960 959 966
1813 960 966 967
1814 961 960 967
1815 961 967 968
1816 962 961 968
1817 962 968 969
1818 963 962 969
1819 963 969 970
1820 964 963 970
1821 964 970 971
1822 965 964 971
1823 965 971 972
1824 967 966 973
1825 967 973 974
1826 968 967 974
1827 968 974 975
1828 969 968 975
1829 969 975 976
1830 970 969 976
1831 970 976 977
1832 971 970 977
1833 971 977 978
1834 972 971 978
1835 972 978 979
1836 974 973 980
1837 974 980 981
1838 975 974 981
1839 975 981 982
1840 976 975 982
1841 976 982 983
1842 977 976 983
1843 977 983 984
1844 978 977 984
1845 978 984 985
1846 979 978 985
1847 979 985 986
1848 981 980 987
1849 981 987 988
1850 982 981 988
1851 982 988 989
1852 983 982 989
1853 983 989 990
1854 984 983 990
1855 984 990 991
1856 985 984 991
1857 985 991 992
1858 986 985 992
1859 986 992 993
1860 988 987 994
1861 988 994 995
1862 989 988 995
1863 989 995 996
1864 990 989 996
1865 990 996 997
1866 991 990 997
1867 991 997 998
1868 992 991 998
1869 992 998 999
1870 993 992 999
1871 993 999 1000
1872 995 994 1001
1873 995 1001 1002
1874 996 995 1002
1875 996 1002 1003
1876 997 996 1003
1877 997 1003 1004
1878 998 997 1004
1879 998 1004 1005
1880 999 998 1005
1881 999 1005 1006
1882 1000 999 1006
1883 1000 1006 1007
1884 1002 1001 925
1885 1002 925 924
1886 1003 1002 924
1887 1003 924 928
1888 1004 1003 928
1889 1004 928 930
1890 1005 1004 930
1891 1005 930 932
1892 1006 1005 932
1893 1006 932 934
1894 1007 1006 934
1895 1007 934 936
1896 1008 936 937
1897 1008 937 1009
1898 1010 1008 1009
1899 1010 1009 1011
1900 1012 1010 1011
1901 1012 1011 1013
1902 1014 1012 1013
1903 1014 1013 1015
1904 1016 1014 1015
1905 1016 1015 1017
1906 1018 1016 1017
1907 1018 1017 1019
1908 1009 937 944
1909 1009 944 1020
1910 1011 1009 1020
1911 1011 1020 1021
1912 1013 1011 1021
1913 1013 1021 1022
1914 1015 1013 1022
1915 1015 1022 1023
1916 1017 1015 1023
1917 1017 1023 1024
1918 1019 1017 1024
1919 1019 1024 1025
1920 1020 944 951
1921 1020 951 1026
1922 1021 1020 1026
1923 1021 1026 1027
1924 1022 1021 1027
1925 1022 1027 1028
1926 1023 1022 1028
1927 1023 1028 1029
1928 1024 1023 1029
1929 1024 1029 1030
1930 1025 1024 1030
1931 1025 1030 1031
1932 1026 951 958
1933 1026 958 1032
1934 1027 1026 1032
1935 1027 1032 1033
1936 1028 1027 1033
1937 1028 1033 1034
1938 1029 1028 1034
1939 1029 1034 1035
1940 1030 1029 1035
1941 1030 1035 1036
1942 1031 1030 1036
1943 1031 1036 1037
1944 1032 958 965
1945 1032 965 1038
1946 1033 1032 1038
1947 1033 1038 1039
1948 1034 1033 1039
1949 1034 1039 1040
1950 1035 1034 1040
1951 1035 1040 1041
1952 1036 1035 1041
1953 1036 1041 1042
1954 1037 1036 1042
1955 1037 1042 1043
1956 1038 965 972
1957 1038 972 1044
1958 1039 1038 1044
1959 1039 1044 1045
1960 1040 1039 1045
1961 1040 1045 1046
1962 1041 1040 1046
1963 1041 1046 1047
1964 1042 1041 1047
1965 1042 1047 1048
1966 1043 1042 1048
1967 1043 1048 1049
1968 1044 972 979
1969 1044 979 1050
1970 1045 1044 1050
1971 1045 1050 1051
1972 1046 1045 1051
1973 1046 1051 1052
1974 1047 1046 1052
1975 1047 1052 1053
1976 1048 1047 1053
1977 1048 1053 1054
1978 1049 1048 1054
1979 1049 1054 1055
1980 1050 979 986
1981 1050 986 1056
1982 1051 1050 1056
1983 1051 1056 1057
1984 1052 1051 1057
1985 1052 1057 1058
1986 1053 1052 1058
1987 1053 1058 1059
1988 1054 1053 1059
1989 1054 1059 1060
1990 1055 1054 1060
1991 1055 1060 1061
1992 1056 986 993
1993 1056 993 1062
1994 1057 1056 1062
1995 1057 1062 1063
1996 1058 1057 1063
1997 1058 1063 1064
1998 1059 1058 1064
1999 1059 1064 1065
2000 1060 1059 1065
2001 1060 1065 1066
2002 1061 1060 1066
2003 1061 1066 1067
2004 1062 993 1000
2005 1062 1000 1068
2006 1063 1062 1068
2007 1063 1068 1069
2008 1064 1063 1069
2009 1064 1069 1070
2010 1065 1064 1070
2011 1065 1070 1071
2012 1066 1065 1071
2013 1066 1071 1072
2014 1067 1066 1072
2015 1067 1072 1073
2016 1068 1000 1007
2017 1068 1007 1074
2018 1069 1068 1074
2019 1069 1074 1075
2020 1070 1069 1075
2021 1070 1075 1076
2022 1071 1070 1076
2023 1071 1076 1077
2024 1072 1071 1077
2025 1072 1077 1078
2026 1073 1072 1078
2027 1073 1078 1079
2028 1074 1007 936
2029 1074 936 1008
2030 1075 1074 1008
2031 1075 1008 1010
2032 1076 1075 1010
2033 1076 1010 1012
2034 1077 1076 1012
2035 1077 1012 1014
2036 1078 1077 1014
2037 1078 1014 1016
2038 1079 1078 1016
2039 1079 1016 1018
2040 1080 1081 1082
2041 1083 1080 1082
2042 1083 1082 1084
2043 1085 1083 1084
2044 1085 1084 1086
2045 1087 1085 1086
2046 1087 1086 1088
2047 578 1087 1088
2048 578 1088 579
2049 1082 1081 1089
2050 1084 1082 1089
2051 1084 1089 1090
2052 1086 1084 1090
2053 1086 1090 1091
2054 1088 1086 1091
2055 1088 1091 1092
2056 579 1088 1092
2057 579 1092 581
2058 1089 1081 1093
2059 1090 1089 1093
2060 1090 1093 1094
2061 1091 1090 1094
2062 1091 1094 1095
2063 1092 1091 1095
2064 1092 1095 1096
2065 581 1092 1096
2066 581 1096 583
2067 1093 1081 1097
2068 1094 1093 1097
2069 1094 1097 1098
2070 1095 1094 1098
2071 1095 1098 1099
2072 1096 1095 1099
2073 1096 1099 1100
2074 583 1096 1100
2075 583 1100 585
2076 1097 1081 1101
2077 1098 1097 1101
2078 1098 1101 1102
2079 1099 1098 1102
2080 1099 1102 1103
2081 1100 1099 1103
2082 1100 1103 1104
2083 585 1100 1104
2084 585 1104 587
2085 1101 1081 1105
2086 1102 1101 1105
2087 1102 1105 1106
2088 1103 1102 1106
2089 1103 1106 1107
2090 1104 1103 1107
2091 1104 1107 1108
2092 587 1104 1108
2093 587 1108 589
2094 1105 1081 1109
2095 1106 1105 1109
2096 1106 1109 1110
2097 1107 1106 1110
2098 1107 1110 1111
2099 1108 1107 1111
2100 1108 1111 1112
2101 589 1108 1112
2102 589 1112 591
2103 1109 1081 1113
2104 1110 1109 1113
2105 1110 1113 1114
2106 1111 1110 1114
2107 1111 1114 1115
2108 1112 1111 1115
2109 1112 1115 1116
2110 591 1112 1116
2111 591 1116 593
2112 1113 1081 1117
2113 1114 1113 1117
2114 1114 1117 1118
2115 1115 1114 1118
2116 1115 1118 1119
2117 1116 1115 1119
2118 1116 1119 1120
2119 593 1116 1120
2120 593 1120 595
2121 1117 1081 1121
2122 1118 1117 1121
2123 1118 1121 1122
2124 1119 1118 1122
2125 1119 1122 1123
2126 1120 1119 1123
2127 1120 1123 1124
2128 595 1120 1124
2129 595 1124 597
2130 1121 1081 1125
2131 1122 1121 1125
2132 1122 1125 1126
2133 1123 1122 1126
2134 1123 1126 1127
2135 1124 1123 1127
2136 1124 1127 1128
2137 597 1124 1128
2138 597 1128 599
2139 1125 1081 1129
2140 1126 1125 1129
2141 1126 1129 1130
2142 1127 1126 1130
2143 1127 1130 1131
2144 1128 1127 1131
2145 1128 1131 1132
2146 599 1128 1132
2147 599 1132 601
2148 1129 1081 1133
2149 1130 1129 1133
2150 1130 1133 1134
2151 1131 1130 1134
2152 1131 1134 1135
2153 1132 1131 1135
2154 1132 1135 1136
2155 601 1132 1136
2156 601 1136 603
2157 1133 1081 1137
2158 1134 1133 1137
2159 1134 1137 1138
2160 1135 1134 1138
2161 1135 1138 1139
2162 1136 1135 1139
2163 1136 1139 1140
2164 603 1136 1140
2165 603 1140 605
2166 1137 1081 1141
2167 1138 1137 1141
2168 1138 1141 1142
2169 1139 1138 1142
2170 1139 1142 1143
2171 1140 1139 1143
2172 1140 1143 1144
2173 605 1140 1144
2174 605 1144 607
2175 1141 1081 1145
2176 1142 1141 1145
2177 1142 1145 1146
2178 1143 1142 1146
2179 1143 1146 1147
2180 1144 1143 1147
2181 1144 1147 1148
2182 607 1144 1148
2183 607 1148 609
2184 1145 1081 1149
2185 1146 1145 1149
2186 1146 1149 1150
2187 1147 1146 1150
2188 1147 1150 1151
2189 1148 1147 1151
2190 1148 1151 1152
2191 609 1148 1152
2192 609 1152 611
2193 1149 1081 1153
2194 1150 1149 1153
2195 1150 1153 1154
2196 1151 1150 1154
2197 1151 1154 1155
2198 1152 1151 1155
2199 1152 1155 1156
2200 611 1152 1156
2201 611 1156 613
2202 1153 1081 1157
2203 1154 1153 1157
2204 1154 1157 1158
2205 1155 1154 1158
2206 1155 1158 1159
2207 1156 1155 1159
2208 1156 1159 1160
2209 613 1156 1160
2210 613 1160 615
2211 1157 1081 1161
2212 1158 1157 1161
2213 1158 1161 1162
2214 1159 1158 1162
2215 1159 1162 1163
2216 1160 1159 1163
2217 1160 1163 1164
2218 615 1160 1164
2219 615 1164 617
2220 1161 1081 1165
2221 1162 1161 1165
2222 1162 1165 1166
2223 1163 1162 1166
2224 1163 1166 1167
2225 1164 1163 1167
2226 1164 1167 1168
2227 617 1164 1168
2228 617 1168 619
2229 1165 1081 1169
2230 1166 1165 1169
2231 1166 1169 1170
2232 1167 1166 1170
2233 1167 1170 1171
2234 1168 1167 1171
2235 1168 1171 1172
2236 619 1168 1172
2237 619 1172 621
2238 1169 1081 1173
2239 1170 1169 1173
2240 1170 1173 1174
2241 1171 1170 1174
2242 1171 1174 1175
2243 1172 1171 1175
2244 1172 1175 1176
2245 621 1172 1176
2246 621 1176 623
2247 1173 1081 1080
2248 1174 1173 1080
2249 1174 1080 1083
2250 1175 1174 1083
2251 1175 1083 1085
2252 1176 1175 1085
2253 1176 1085 1087
2254 623 1176 1087
2255 623 1087 578
